date;Industry_Ad_Type;Program_Name;Intentionality
4.13.2023;Healthy Fast Food Chain;Waltzing with the Famous;0.233
4.13.2023;Healthy Fast Food Chain;Orlando Vice;0.086
4.13.2023;Healthy Fast Food Chain;Orlando Vice;0.086
4.13.2023;Healthy Fast Food Chain;Maui Five Ten;0.232
4.13.2023;Healthy Fast Food Chain;Maui Five Ten;0.232
4.13.2023;Healthy Fast Food Chain;Freaky Vacations;-0.094
4.13.2023;Healthy Fast Food Chain;Nightly News Stories;-0.003
4.13.2023;Healthy Fast Food Chain;Fix and Flip;0.023
4.13.2023;Healthy Fast Food Chain;Sister Home Sellers;0.256
4.13.2023;Healthy Fast Food Chain;New Gal;-0.198
4.13.2023;Healthy Fast Food Chain;Planet Hypothesis;0.152
4.13.2023;Healthy Fast Food Chain;Planet Hypothesis;0.152
4.13.2023;Healthy Fast Food Chain;ER Drama;0.493
4.13.2023;Online Dating Site;Portable Homes;-0.068
4.13.2023;Popular Soft Drink;Rescue Squad;0.417
4.13.2023;Popular Soft Drink;Fix and Flip;0.023
4.13.2023;Popular Soft Drink;Portable Homes;-0.068
4.13.2023;Popular Soft Drink;Sister Home Sellers;0.256
4.13.2023;Retail Big Box Store;Together Forever;-0.052
4.13.2023;Retail Big Box Store;Together Forever;-0.052
4.13.2023;Retail Big Box Store;Waltzing with the Famous;0.233
4.13.2023;Retail Big Box Store;Waltzing with the Famous;0.233
4.13.2023;Retail Big Box Store;Orlando Vice;0.086
4.13.2023;Retail Big Box Store;Orlando Vice;0.086
4.13.2023;Retail Big Box Store;Maui Five Ten;0.232
4.13.2023;Retail Big Box Store;Maui Five Ten;0.232
4.13.2023;Retail Big Box Store;Rescue Squad;0.417
4.13.2023;Retail Big Box Store;Neighborhood Patrol;0.183
4.13.2023;Retail Big Box Store;Family Fraud;-0.022
4.13.2023;Retail Big Box Store;The Young and the Reckless;-0.178
4.13.2023;Retail Big Box Store;The Young and the Reckless;-0.178
4.13.2023;Retail Big Box Store;The Evening Show;0.414
4.13.2023;Retail Big Box Store;Tonight Tonight;0.09
4.13.2023;Retail Big Box Store;Tonight Tonight;0.09
4.13.2023;Retail Big Box Store;Late Hours;0.125
4.13.2023;Retail Big Box Store;Late Hours;0.125
4.13.2023;Retail Big Box Store;Nightly News Stories;-0.003
4.13.2023;Retail Big Box Store;Fix and Flip;0.023
4.13.2023;Retail Big Box Store;Fix and Flip;0.023
4.13.2023;Retail Big Box Store;Portable Homes;-0.068
4.13.2023;Retail Big Box Store;Sister Home Sellers;0.256
4.13.2023;Retail Big Box Store;Sister Home Sellers;0.256
4.13.2023;Retail Big Box Store;New Gal;-0.198
4.13.2023;Retail Big Box Store;Planet Hypothesis;0.152
4.13.2023;Retail Big Box Store;Planet Hypothesis;0.152
4.13.2023;Retail Big Box Store;ER Drama;0.493
4.13.2023;Sport Utility VehiHealthy Fast Food Chainle Sales;Together Forever;-0.052
4.13.2023;Sport Utility VehiHealthy Fast Food Chainle Sales;Together Forever;-0.052
4.13.2023;Sport Utility VehiHealthy Fast Food Chainle Sales;Waltzing with the Famous;0.233
4.13.2023;Sport Utility VehiHealthy Fast Food Chainle Sales;Waltzing with the Famous;0.233
4.13.2023;Sport Utility VehiHealthy Fast Food Chainle Sales;Orlando Vice;0.086
4.13.2023;Sport Utility VehiHealthy Fast Food Chainle Sales;Orlando Vice;0.086
4.13.2023;Sport Utility VehiHealthy Fast Food Chainle Sales;Maui Five Ten;0.232
4.13.2023;Sport Utility VehiHealthy Fast Food Chainle Sales;Maui Five Ten;0.232
4.13.2023;Sport Utility VehiHealthy Fast Food Chainle Sales;Neighborhood Patrol;0.183
4.13.2023;Sport Utility VehiHealthy Fast Food Chainle Sales;Neighborhood Patrol;0.183
4.13.2023;Sport Utility VehiHealthy Fast Food Chainle Sales;Family Fraud;-0.022
4.13.2023;Sport Utility VehiHealthy Fast Food Chainle Sales;I Love Betty;-0.172
4.13.2023;Sport Utility VehiHealthy Fast Food Chainle Sales;I Love Betty;-0.172
4.13.2023;Sport Utility VehiHealthy Fast Food Chainle Sales;The Young and the Reckless;-0.178
4.13.2023;Sport Utility VehiHealthy Fast Food Chainle Sales;The Young and the Reckless;-0.178
4.13.2023;Sport Utility VehiHealthy Fast Food Chainle Sales;The Evening Show;0.414
4.13.2023;Sport Utility VehiHealthy Fast Food Chainle Sales;The Evening Show;0.414
4.13.2023;Sport Utility VehiHealthy Fast Food Chainle Sales;Tonight Tonight;0.09
4.13.2023;Sport Utility VehiHealthy Fast Food Chainle Sales;Late Hours;0.125
4.13.2023;Sport Utility VehiHealthy Fast Food Chainle Sales;Nightly News Stories;-0.003
4.13.2023;Sport Utility VehiHealthy Fast Food Chainle Sales;Nightly News Stories;-0.003
4.13.2023;Sport Utility VehiHealthy Fast Food Chainle Sales;Fix and Flip;0.023
4.13.2023;Sport Utility VehiHealthy Fast Food Chainle Sales;Fix and Flip;0.023
4.13.2023;Sport Utility VehiHealthy Fast Food Chainle Sales;Daybreak Dish;-0.036
4.13.2023;Sport Utility VehiHealthy Fast Food Chainle Sales;Daybreak Dish;-0.036
4.13.2023;Sport Utility VehiHealthy Fast Food Chainle Sales;Portable Homes;-0.068
4.13.2023;Sport Utility VehiHealthy Fast Food Chainle Sales;Portable Homes;-0.068
4.13.2023;Sport Utility VehiHealthy Fast Food Chainle Sales;Sister Home Sellers;0.256
4.13.2023;Sport Utility VehiHealthy Fast Food Chainle Sales;Sister Home Sellers;0.256
4.13.2023;Sport Utility VehiHealthy Fast Food Chainle Sales;New Gal;-0.198
4.13.2023;Sport Utility VehiHealthy Fast Food Chainle Sales;Planet Hypothesis;0.152
4.13.2023;Sport Utility VehiHealthy Fast Food Chainle Sales;ER Drama;0.493
4.13.2023;Sport Utility VehiHealthy Fast Food Chainle Sales;ER Drama;0.493
4.20.2023;Healthy Fast Food Chain;Orlando Vice;0.086
4.20.2023;Healthy Fast Food Chain;Fix and Flip;0.023
4.20.2023;Healthy Fast Food Chain;Fix and Flip;0.023
4.20.2023;Healthy Fast Food Chain;Portable Homes;-0.068
4.20.2023;Healthy Fast Food Chain;New Gal;-0.198
4.20.2023;Popular Soft Drink;Rescue Squad;0.417
4.20.2023;Popular Soft Drink;Fix and Flip;0.023
4.20.2023;Popular Soft Drink;Portable Homes;-0.068
4.20.2023;Popular Soft Drink;Sister Home Sellers;0.256
4.20.2023;Retail Big Box Store;Together Forever;-0.052
4.20.2023;Retail Big Box Store;Together Forever;-0.052
4.20.2023;Retail Big Box Store;Waltzing with the Famous;0.233
4.20.2023;Retail Big Box Store;Cannot Fool Me;0.092
4.20.2023;Retail Big Box Store;Orlando Vice;0.086
4.20.2023;Retail Big Box Store;Orlando Vice;0.086
4.20.2023;Retail Big Box Store;Maui Five Ten;0.232
4.20.2023;Retail Big Box Store;Maui Five Ten;0.232
4.20.2023;Retail Big Box Store;Rescue Squad;0.417
4.20.2023;Retail Big Box Store;Neighborhood Patrol;0.183
4.20.2023;Retail Big Box Store;Family Fraud;-0.022
4.20.2023;Retail Big Box Store;I Love Betty;-0.172
4.20.2023;Retail Big Box Store;Freaky Vacations;-0.094
4.20.2023;Retail Big Box Store;The Young and the Reckless;-0.178
4.20.2023;Retail Big Box Store;The Young and the Reckless;-0.178
4.20.2023;Retail Big Box Store;Tonight Tonight;0.09
4.20.2023;Retail Big Box Store;Tonight Tonight;0.09
4.20.2023;Retail Big Box Store;Late Hours;0.125
4.20.2023;Retail Big Box Store;Nightly News Stories;-0.003
4.20.2023;Retail Big Box Store;Fix and Flip;0.023
4.20.2023;Retail Big Box Store;Fix and Flip;0.023
4.20.2023;Retail Big Box Store;Portable Homes;-0.068
4.20.2023;Retail Big Box Store;Sister Home Sellers;0.256
4.20.2023;Retail Big Box Store;Sister Home Sellers;0.256
4.20.2023;Retail Big Box Store;New Gal;-0.198
4.20.2023;Retail Big Box Store;Planet Hypothesis;0.152
4.20.2023;Retail Big Box Store;Planet Hypothesis;0.152
4.20.2023;Retail Big Box Store;ER Drama;0.493
4.20.2023;Retail Big Box Store;ER Drama;0.493
4.20.2023;Sport Utility VehiHealthy Fast Food Chainle Sales;Together Forever;-0.052
4.20.2023;Sport Utility VehiHealthy Fast Food Chainle Sales;Together Forever;-0.052
4.20.2023;Sport Utility VehiHealthy Fast Food Chainle Sales;Waltzing with the Famous;0.233
4.20.2023;Sport Utility VehiHealthy Fast Food Chainle Sales;Waltzing with the Famous;0.233
4.20.2023;Sport Utility VehiHealthy Fast Food Chainle Sales;Orlando Vice;0.086
4.20.2023;Sport Utility VehiHealthy Fast Food Chainle Sales;Orlando Vice;0.086
4.20.2023;Sport Utility VehiHealthy Fast Food Chainle Sales;Maui Five Ten;0.232
4.20.2023;Sport Utility VehiHealthy Fast Food Chainle Sales;Maui Five Ten;0.232
4.20.2023;Sport Utility VehiHealthy Fast Food Chainle Sales;Rescue Squad;0.417
4.20.2023;Sport Utility VehiHealthy Fast Food Chainle Sales;Rescue Squad;0.417
4.20.2023;Sport Utility VehiHealthy Fast Food Chainle Sales;Neighborhood Patrol;0.183
4.20.2023;Sport Utility VehiHealthy Fast Food Chainle Sales;Family Fraud;-0.022
4.20.2023;Sport Utility VehiHealthy Fast Food Chainle Sales;I Love Betty;-0.172
4.20.2023;Sport Utility VehiHealthy Fast Food Chainle Sales;The Young and the Reckless;-0.178
4.20.2023;Sport Utility VehiHealthy Fast Food Chainle Sales;The Evening Show;0.414
4.20.2023;Sport Utility VehiHealthy Fast Food Chainle Sales;Tonight Tonight;0.09
4.20.2023;Sport Utility VehiHealthy Fast Food Chainle Sales;Nightly News Stories;-0.003
4.20.2023;Sport Utility VehiHealthy Fast Food Chainle Sales;Fix and Flip;0.023
4.20.2023;Sport Utility VehiHealthy Fast Food Chainle Sales;Fix and Flip;0.023
4.20.2023;Sport Utility VehiHealthy Fast Food Chainle Sales;Daybreak Dish;-0.036
4.20.2023;Sport Utility VehiHealthy Fast Food Chainle Sales;Daybreak Dish;-0.036
4.20.2023;Sport Utility VehiHealthy Fast Food Chainle Sales;Portable Homes;-0.068
4.20.2023;Sport Utility VehiHealthy Fast Food Chainle Sales;Portable Homes;-0.068
4.20.2023;Sport Utility VehiHealthy Fast Food Chainle Sales;Sister Home Sellers;0.256
4.20.2023;Sport Utility VehiHealthy Fast Food Chainle Sales;Sister Home Sellers;0.256
4.20.2023;Sport Utility VehiHealthy Fast Food Chainle Sales;New Gal;-0.198
4.20.2023;Sport Utility VehiHealthy Fast Food Chainle Sales;New Gal;-0.198
4.20.2023;Sport Utility VehiHealthy Fast Food Chainle Sales;Planet Hypothesis;0.152
4.20.2023;Sport Utility VehiHealthy Fast Food Chainle Sales;Planet Hypothesis;0.152
4.20.2023;Sport Utility VehiHealthy Fast Food Chainle Sales;ER Drama;0.493
4.20.2023;Sport Utility VehiHealthy Fast Food Chainle Sales;ER Drama;0.493
4.27.2023;Healthy Fast Food Chain;Waltzing with the Famous;0.233
4.27.2023;Healthy Fast Food Chain;Orlando Vice;0.086
4.27.2023;Healthy Fast Food Chain;Maui Five Ten;0.232
4.27.2023;Healthy Fast Food Chain;Freaky Vacations;-0.094
4.27.2023;Healthy Fast Food Chain;Tonight Tonight;0.09
4.27.2023;Healthy Fast Food Chain;Nightly News Stories;-0.003
4.27.2023;Healthy Fast Food Chain;Fix and Flip;0.023
4.27.2023;Healthy Fast Food Chain;Portable Homes;-0.068
4.27.2023;Healthy Fast Food Chain;Sister Home Sellers;0.256
4.27.2023;Healthy Fast Food Chain;Planet Hypothesis;0.152
4.27.2023;Retail Big Box Store;Together Forever;-0.052
4.27.2023;Retail Big Box Store;Waltzing with the Famous;0.233
4.27.2023;Retail Big Box Store;Orlando Vice;0.086
4.27.2023;Retail Big Box Store;Orlando Vice;0.086
4.27.2023;Retail Big Box Store;Maui Five Ten;0.232
4.27.2023;Retail Big Box Store;Maui Five Ten;0.232
4.27.2023;Retail Big Box Store;Rescue Squad;0.417
4.27.2023;Retail Big Box Store;Neighborhood Patrol;0.183
4.27.2023;Retail Big Box Store;Family Fraud;-0.022
4.27.2023;Retail Big Box Store;The Young and the Reckless;-0.178
4.27.2023;Retail Big Box Store;The Young and the Reckless;-0.178
4.27.2023;Retail Big Box Store;The Evening Show;0.414
4.27.2023;Retail Big Box Store;Late Hours;0.125
4.27.2023;Retail Big Box Store;Nightly News Stories;-0.003
4.27.2023;Retail Big Box Store;Fix and Flip;0.023
4.27.2023;Retail Big Box Store;Fix and Flip;0.023
4.27.2023;Retail Big Box Store;Portable Homes;-0.068
4.27.2023;Retail Big Box Store;Sister Home Sellers;0.256
4.27.2023;Retail Big Box Store;Sister Home Sellers;0.256
4.27.2023;Retail Big Box Store;Planet Hypothesis;0.152
4.27.2023;Retail Big Box Store;Planet Hypothesis;0.152
4.27.2023;Sport Utility VehiHealthy Fast Food Chainle Sales;Together Forever;-0.052
4.27.2023;Sport Utility VehiHealthy Fast Food Chainle Sales;Waltzing with the Famous;0.233
4.27.2023;Sport Utility VehiHealthy Fast Food Chainle Sales;Waltzing with the Famous;0.233
4.27.2023;Sport Utility VehiHealthy Fast Food Chainle Sales;Cannot Fool Me;0.092
4.27.2023;Sport Utility VehiHealthy Fast Food Chainle Sales;Cannot Fool Me;0.092
4.27.2023;Sport Utility VehiHealthy Fast Food Chainle Sales;Orlando Vice;0.086
4.27.2023;Sport Utility VehiHealthy Fast Food Chainle Sales;Orlando Vice;0.086
4.27.2023;Sport Utility VehiHealthy Fast Food Chainle Sales;Maui Five Ten;0.232
4.27.2023;Sport Utility VehiHealthy Fast Food Chainle Sales;Maui Five Ten;0.232
4.27.2023;Sport Utility VehiHealthy Fast Food Chainle Sales;Neighborhood Patrol;0.183
4.27.2023;Sport Utility VehiHealthy Fast Food Chainle Sales;Family Fraud;-0.022
4.27.2023;Sport Utility VehiHealthy Fast Food Chainle Sales;I Love Betty;-0.172
4.27.2023;Sport Utility VehiHealthy Fast Food Chainle Sales;I Love Betty;-0.172
4.27.2023;Sport Utility VehiHealthy Fast Food Chainle Sales;The Young and the Reckless;-0.178
4.27.2023;Sport Utility VehiHealthy Fast Food Chainle Sales;The Young and the Reckless;-0.178
4.27.2023;Sport Utility VehiHealthy Fast Food Chainle Sales;The Evening Show;0.414
4.27.2023;Sport Utility VehiHealthy Fast Food Chainle Sales;Tonight Tonight;0.09
4.27.2023;Sport Utility VehiHealthy Fast Food Chainle Sales;Nightly News Stories;-0.003
4.27.2023;Sport Utility VehiHealthy Fast Food Chainle Sales;Nightly News Stories;-0.003
4.27.2023;Sport Utility VehiHealthy Fast Food Chainle Sales;Fix and Flip;0.023
4.27.2023;Sport Utility VehiHealthy Fast Food Chainle Sales;Fix and Flip;0.023
4.27.2023;Sport Utility VehiHealthy Fast Food Chainle Sales;Daybreak Dish;-0.036
4.27.2023;Sport Utility VehiHealthy Fast Food Chainle Sales;Daybreak Dish;-0.036
4.27.2023;Sport Utility VehiHealthy Fast Food Chainle Sales;Portable Homes;-0.068
4.27.2023;Sport Utility VehiHealthy Fast Food Chainle Sales;Portable Homes;-0.068
4.27.2023;Sport Utility VehiHealthy Fast Food Chainle Sales;Sister Home Sellers;0.256
4.27.2023;Sport Utility VehiHealthy Fast Food Chainle Sales;Sister Home Sellers;0.256
4.27.2023;Sport Utility VehiHealthy Fast Food Chainle Sales;New Gal;-0.198
4.27.2023;Sport Utility VehiHealthy Fast Food Chainle Sales;New Gal;-0.198
4.27.2023;Sport Utility VehiHealthy Fast Food Chainle Sales;Planet Hypothesis;0.152
4.27.2023;Sport Utility VehiHealthy Fast Food Chainle Sales;Planet Hypothesis;0.152
05.04.2023;Healthy Fast Food Chain;Waltzing with the Famous;0.233
05.04.2023;Healthy Fast Food Chain;Orlando Vice;0.086
05.04.2023;Healthy Fast Food Chain;Orlando Vice;0.086
05.04.2023;Healthy Fast Food Chain;Maui Five Ten;0.232
05.04.2023;Healthy Fast Food Chain;Maui Five Ten;0.232
05.04.2023;Healthy Fast Food Chain;Neighborhood Patrol;0.183
05.04.2023;Healthy Fast Food Chain;Family Fraud;-0.022
05.04.2023;Healthy Fast Food Chain;Freaky Vacations;-0.094
05.04.2023;Healthy Fast Food Chain;The Evening Show;0.414
05.04.2023;Healthy Fast Food Chain;Tonight Tonight;0.09
05.04.2023;Healthy Fast Food Chain;Nightly News Stories;-0.003
05.04.2023;Healthy Fast Food Chain;Fix and Flip;0.023
05.04.2023;Healthy Fast Food Chain;Daybreak Dish;-0.036
05.04.2023;Healthy Fast Food Chain;Portable Homes;-0.068
05.04.2023;Healthy Fast Food Chain;Sister Home Sellers;0.256
05.04.2023;Healthy Fast Food Chain;Planet Hypothesis;0.152
05.04.2023;Popular Soft Drink;Orlando Vice;0.086
05.04.2023;Popular Soft Drink;Rescue Squad;0.417
05.04.2023;Popular Soft Drink;Fix and Flip;0.023
05.04.2023;Popular Soft Drink;Portable Homes;-0.068
05.04.2023;Popular Soft Drink;Sister Home Sellers;0.256
05.04.2023;Retail Big Box Store;Together Forever;-0.052
05.04.2023;Retail Big Box Store;Together Forever;-0.052
05.04.2023;Retail Big Box Store;Waltzing with the Famous;0.233
05.04.2023;Retail Big Box Store;Orlando Vice;0.086
05.04.2023;Retail Big Box Store;Orlando Vice;0.086
05.04.2023;Retail Big Box Store;Maui Five Ten;0.232
05.04.2023;Retail Big Box Store;Maui Five Ten;0.232
05.04.2023;Retail Big Box Store;Rescue Squad;0.417
05.04.2023;Retail Big Box Store;Neighborhood Patrol;0.183
05.04.2023;Retail Big Box Store;Family Fraud;-0.022
05.04.2023;Retail Big Box Store;I Love Betty;-0.172
05.04.2023;Retail Big Box Store;Freaky Vacations;-0.094
05.04.2023;Retail Big Box Store;The Young and the Reckless;-0.178
05.04.2023;Retail Big Box Store;The Young and the Reckless;-0.178
05.04.2023;Retail Big Box Store;The Evening Show;0.414
05.04.2023;Retail Big Box Store;Tonight Tonight;0.09
05.04.2023;Retail Big Box Store;Late Hours;0.125
05.04.2023;Retail Big Box Store;Nightly News Stories;-0.003
05.04.2023;Retail Big Box Store;Fix and Flip;0.023
05.04.2023;Retail Big Box Store;Fix and Flip;0.023
05.04.2023;Retail Big Box Store;Portable Homes;-0.068
05.04.2023;Retail Big Box Store;Sister Home Sellers;0.256
05.04.2023;Retail Big Box Store;Sister Home Sellers;0.256
05.04.2023;Retail Big Box Store;New Gal;-0.198
05.04.2023;Retail Big Box Store;Planet Hypothesis;0.152
05.04.2023;Retail Big Box Store;Planet Hypothesis;0.152
05.04.2023;Sport Utility VehiHealthy Fast Food Chainle Sales;Together Forever;-0.052
05.04.2023;Sport Utility VehiHealthy Fast Food Chainle Sales;Together Forever;-0.052
05.04.2023;Sport Utility VehiHealthy Fast Food Chainle Sales;Waltzing with the Famous;0.233
05.04.2023;Sport Utility VehiHealthy Fast Food Chainle Sales;Waltzing with the Famous;0.233
05.04.2023;Sport Utility VehiHealthy Fast Food Chainle Sales;Orlando Vice;0.086
05.04.2023;Sport Utility VehiHealthy Fast Food Chainle Sales;Orlando Vice;0.086
05.04.2023;Sport Utility VehiHealthy Fast Food Chainle Sales;Maui Five Ten;0.232
05.04.2023;Sport Utility VehiHealthy Fast Food Chainle Sales;Maui Five Ten;0.232
05.04.2023;Sport Utility VehiHealthy Fast Food Chainle Sales;Rescue Squad;0.417
05.04.2023;Sport Utility VehiHealthy Fast Food Chainle Sales;Rescue Squad;0.417
05.04.2023;Sport Utility VehiHealthy Fast Food Chainle Sales;Family Fraud;-0.022
05.04.2023;Sport Utility VehiHealthy Fast Food Chainle Sales;I Love Betty;-0.172
05.04.2023;Sport Utility VehiHealthy Fast Food Chainle Sales;Freaky Vacations;-0.094
05.04.2023;Sport Utility VehiHealthy Fast Food Chainle Sales;The Young and the Reckless;-0.178
05.04.2023;Sport Utility VehiHealthy Fast Food Chainle Sales;The Evening Show;0.414
05.04.2023;Sport Utility VehiHealthy Fast Food Chainle Sales;Tonight Tonight;0.09
05.04.2023;Sport Utility VehiHealthy Fast Food Chainle Sales;Late Hours;0.125
05.04.2023;Sport Utility VehiHealthy Fast Food Chainle Sales;Nightly News Stories;-0.003
05.04.2023;Sport Utility VehiHealthy Fast Food Chainle Sales;Fix and Flip;0.023
05.04.2023;Sport Utility VehiHealthy Fast Food Chainle Sales;Fix and Flip;0.023
05.04.2023;Sport Utility VehiHealthy Fast Food Chainle Sales;Daybreak Dish;-0.036
05.04.2023;Sport Utility VehiHealthy Fast Food Chainle Sales;Daybreak Dish;-0.036
05.04.2023;Sport Utility VehiHealthy Fast Food Chainle Sales;Portable Homes;-0.068
05.04.2023;Sport Utility VehiHealthy Fast Food Chainle Sales;Portable Homes;-0.068
05.04.2023;Sport Utility VehiHealthy Fast Food Chainle Sales;Sister Home Sellers;0.256
05.04.2023;Sport Utility VehiHealthy Fast Food Chainle Sales;Sister Home Sellers;0.256
05.04.2023;Sport Utility VehiHealthy Fast Food Chainle Sales;New Gal;-0.198
05.04.2023;Sport Utility VehiHealthy Fast Food Chainle Sales;New Gal;-0.198
05.04.2023;Sport Utility VehiHealthy Fast Food Chainle Sales;Planet Hypothesis;0.152
05.04.2023;Sport Utility VehiHealthy Fast Food Chainle Sales;Planet Hypothesis;0.152
05.11.2023;Healthy Fast Food Chain;Waltzing with the Famous;0.233
05.11.2023;Healthy Fast Food Chain;Waltzing with the Famous;0.233
05.11.2023;Healthy Fast Food Chain;Orlando Vice;0.086
05.11.2023;Healthy Fast Food Chain;Orlando Vice;0.086
05.11.2023;Healthy Fast Food Chain;Maui Five Ten;0.232
05.11.2023;Healthy Fast Food Chain;Maui Five Ten;0.232
05.11.2023;Healthy Fast Food Chain;Neighborhood Patrol;0.183
05.11.2023;Healthy Fast Food Chain;Family Fraud;-0.022
05.11.2023;Healthy Fast Food Chain;Freaky Vacations;-0.094
05.11.2023;Healthy Fast Food Chain;Tonight Tonight;0.09
05.11.2023;Healthy Fast Food Chain;Nightly News Stories;-0.003
05.11.2023;Healthy Fast Food Chain;Nightly News Stories;-0.003
05.11.2023;Healthy Fast Food Chain;Fix and Flip;0.023
05.11.2023;Healthy Fast Food Chain;Fix and Flip;0.023
05.11.2023;Healthy Fast Food Chain;Daybreak Dish;-0.036
05.11.2023;Healthy Fast Food Chain;Portable Homes;-0.068
05.11.2023;Healthy Fast Food Chain;Sister Home Sellers;0.256
05.11.2023;Healthy Fast Food Chain;New Gal;-0.198
05.11.2023;Healthy Fast Food Chain;Planet Hypothesis;0.152
05.11.2023;Healthy Fast Food Chain;Planet Hypothesis;0.152
05.11.2023;Popular Soft Drink;Rescue Squad;0.417
05.11.2023;Popular Soft Drink;Fix and Flip;0.023
05.11.2023;Popular Soft Drink;Portable Homes;-0.068
05.11.2023;Popular Soft Drink;Sister Home Sellers;0.256
05.11.2023;Retail Big Box Store;Together Forever;-0.052
05.11.2023;Retail Big Box Store;Together Forever;-0.052
05.11.2023;Retail Big Box Store;Waltzing with the Famous;0.233
05.11.2023;Retail Big Box Store;Orlando Vice;0.086
05.11.2023;Retail Big Box Store;Orlando Vice;0.086
05.11.2023;Retail Big Box Store;Maui Five Ten;0.232
05.11.2023;Retail Big Box Store;Maui Five Ten;0.232
05.11.2023;Retail Big Box Store;Rescue Squad;0.417
05.11.2023;Retail Big Box Store;Family Fraud;-0.022
05.11.2023;Retail Big Box Store;Freaky Vacations;-0.094
05.11.2023;Retail Big Box Store;Freaky Vacations;-0.094
05.11.2023;Retail Big Box Store;The Young and the Reckless;-0.178
05.11.2023;Retail Big Box Store;Tonight Tonight;0.09
05.11.2023;Retail Big Box Store;Late Hours;0.125
05.11.2023;Retail Big Box Store;Nightly News Stories;-0.003
05.11.2023;Retail Big Box Store;Fix and Flip;0.023
05.11.2023;Retail Big Box Store;Fix and Flip;0.023
05.11.2023;Retail Big Box Store;Portable Homes;-0.068
05.11.2023;Retail Big Box Store;Sister Home Sellers;0.256
05.11.2023;Retail Big Box Store;Sister Home Sellers;0.256
05.11.2023;Retail Big Box Store;New Gal;-0.198
05.11.2023;Retail Big Box Store;Planet Hypothesis;0.152
05.11.2023;Retail Big Box Store;Planet Hypothesis;0.152
05.11.2023;Sport Utility VehiHealthy Fast Food Chainle Sales;Together Forever;-0.052
05.11.2023;Sport Utility VehiHealthy Fast Food Chainle Sales;Waltzing with the Famous;0.233
05.11.2023;Sport Utility VehiHealthy Fast Food Chainle Sales;Waltzing with the Famous;0.233
05.11.2023;Sport Utility VehiHealthy Fast Food Chainle Sales;Orlando Vice;0.086
05.11.2023;Sport Utility VehiHealthy Fast Food Chainle Sales;Orlando Vice;0.086
05.11.2023;Sport Utility VehiHealthy Fast Food Chainle Sales;Maui Five Ten;0.232
05.11.2023;Sport Utility VehiHealthy Fast Food Chainle Sales;Maui Five Ten;0.232
05.11.2023;Sport Utility VehiHealthy Fast Food Chainle Sales;Rescue Squad;0.417
05.11.2023;Sport Utility VehiHealthy Fast Food Chainle Sales;Rescue Squad;0.417
05.11.2023;Sport Utility VehiHealthy Fast Food Chainle Sales;Neighborhood Patrol;0.183
05.11.2023;Sport Utility VehiHealthy Fast Food Chainle Sales;Family Fraud;-0.022
05.11.2023;Sport Utility VehiHealthy Fast Food Chainle Sales;I Love Betty;-0.172
05.11.2023;Sport Utility VehiHealthy Fast Food Chainle Sales;Freaky Vacations;-0.094
05.11.2023;Sport Utility VehiHealthy Fast Food Chainle Sales;The Young and the Reckless;-0.178
05.11.2023;Sport Utility VehiHealthy Fast Food Chainle Sales;The Young and the Reckless;-0.178
05.11.2023;Sport Utility VehiHealthy Fast Food Chainle Sales;Tonight Tonight;0.09
05.11.2023;Sport Utility VehiHealthy Fast Food Chainle Sales;Late Hours;0.125
05.11.2023;Sport Utility VehiHealthy Fast Food Chainle Sales;Nightly News Stories;-0.003
05.11.2023;Sport Utility VehiHealthy Fast Food Chainle Sales;Nightly News Stories;-0.003
05.11.2023;Sport Utility VehiHealthy Fast Food Chainle Sales;Fix and Flip;0.023
05.11.2023;Sport Utility VehiHealthy Fast Food Chainle Sales;Fix and Flip;0.023
05.11.2023;Sport Utility VehiHealthy Fast Food Chainle Sales;Daybreak Dish;-0.036
05.11.2023;Sport Utility VehiHealthy Fast Food Chainle Sales;Portable Homes;-0.068
05.11.2023;Sport Utility VehiHealthy Fast Food Chainle Sales;Portable Homes;-0.068
05.11.2023;Sport Utility VehiHealthy Fast Food Chainle Sales;Sister Home Sellers;0.256
05.11.2023;Sport Utility VehiHealthy Fast Food Chainle Sales;Sister Home Sellers;0.256
05.11.2023;Sport Utility VehiHealthy Fast Food Chainle Sales;New Gal;-0.198
05.11.2023;Sport Utility VehiHealthy Fast Food Chainle Sales;New Gal;-0.198
05.11.2023;Sport Utility VehiHealthy Fast Food Chainle Sales;Planet Hypothesis;0.152
5.18.2023;Healthy Fast Food Chain;Waltzing with the Famous;0.233
5.18.2023;Healthy Fast Food Chain;Waltzing with the Famous;0.233
5.18.2023;Healthy Fast Food Chain;Orlando Vice;0.086
5.18.2023;Healthy Fast Food Chain;Orlando Vice;0.086
5.18.2023;Healthy Fast Food Chain;Maui Five Ten;0.232
5.18.2023;Healthy Fast Food Chain;Maui Five Ten;0.232
5.18.2023;Healthy Fast Food Chain;Family Fraud;-0.022
5.18.2023;Healthy Fast Food Chain;Tours of the Wild West;-0.032
5.18.2023;Healthy Fast Food Chain;Tours of the Wild West;-0.032
5.18.2023;Healthy Fast Food Chain;Freaky Vacations;-0.094
5.18.2023;Healthy Fast Food Chain;Tonight Tonight;0.09
5.18.2023;Healthy Fast Food Chain;Nightly News Stories;-0.003
5.18.2023;Healthy Fast Food Chain;Nightly News Stories;-0.003
5.18.2023;Healthy Fast Food Chain;Fix and Flip;0.023
5.18.2023;Healthy Fast Food Chain;Fix and Flip;0.023
5.18.2023;Healthy Fast Food Chain;Portable Homes;-0.068
5.18.2023;Healthy Fast Food Chain;Portable Homes;-0.068
5.18.2023;Healthy Fast Food Chain;Sister Home Sellers;0.256
5.18.2023;Healthy Fast Food Chain;Sister Home Sellers;0.256
5.18.2023;Healthy Fast Food Chain;New Gal;-0.198
5.18.2023;Healthy Fast Food Chain;Planet Hypothesis;0.152
5.18.2023;Healthy Fast Food Chain;Planet Hypothesis;0.152
5.18.2023;Popular Soft Drink;Rescue Squad;0.417
5.18.2023;Popular Soft Drink;Fix and Flip;0.023
5.18.2023;Popular Soft Drink;Portable Homes;-0.068
5.18.2023;Popular Soft Drink;Sister Home Sellers;0.256
5.18.2023;Retail Big Box Store;Together Forever;-0.052
5.18.2023;Retail Big Box Store;Together Forever;-0.052
5.18.2023;Retail Big Box Store;Waltzing with the Famous;0.233
5.18.2023;Retail Big Box Store;Orlando Vice;0.086
5.18.2023;Retail Big Box Store;Orlando Vice;0.086
5.18.2023;Retail Big Box Store;Maui Five Ten;0.232
5.18.2023;Retail Big Box Store;Maui Five Ten;0.232
5.18.2023;Retail Big Box Store;Rescue Squad;0.417
5.18.2023;Retail Big Box Store;Family Fraud;-0.022
5.18.2023;Retail Big Box Store;Tours of the Wild West;-0.032
5.18.2023;Retail Big Box Store;Freaky Vacations;-0.094
5.18.2023;Retail Big Box Store;The Young and the Reckless;-0.178
5.18.2023;Retail Big Box Store;The Young and the Reckless;-0.178
5.18.2023;Retail Big Box Store;Tonight Tonight;0.09
5.18.2023;Retail Big Box Store;Tonight Tonight;0.09
5.18.2023;Retail Big Box Store;Late Hours;0.125
5.18.2023;Retail Big Box Store;Late Hours;0.125
5.18.2023;Retail Big Box Store;Nightly News Stories;-0.003
5.18.2023;Retail Big Box Store;Fix and Flip;0.023
5.18.2023;Retail Big Box Store;Fix and Flip;0.023
5.18.2023;Retail Big Box Store;Portable Homes;-0.068
5.18.2023;Retail Big Box Store;Sister Home Sellers;0.256
5.18.2023;Retail Big Box Store;Sister Home Sellers;0.256
5.18.2023;Retail Big Box Store;New Gal;-0.198
5.18.2023;Retail Big Box Store;Planet Hypothesis;0.152
5.18.2023;Retail Big Box Store;Planet Hypothesis;0.152
5.18.2023;Sport Utility VehiHealthy Fast Food Chainle Sales;Together Forever;-0.052
5.18.2023;Sport Utility VehiHealthy Fast Food Chainle Sales;Together Forever;-0.052
5.18.2023;Sport Utility VehiHealthy Fast Food Chainle Sales;Waltzing with the Famous;0.233
5.18.2023;Sport Utility VehiHealthy Fast Food Chainle Sales;Waltzing with the Famous;0.233
5.18.2023;Sport Utility VehiHealthy Fast Food Chainle Sales;Orlando Vice;0.086
5.18.2023;Sport Utility VehiHealthy Fast Food Chainle Sales;Orlando Vice;0.086
5.18.2023;Sport Utility VehiHealthy Fast Food Chainle Sales;Maui Five Ten;0.232
5.18.2023;Sport Utility VehiHealthy Fast Food Chainle Sales;Rescue Squad;0.417
5.18.2023;Sport Utility VehiHealthy Fast Food Chainle Sales;Rescue Squad;0.417
5.18.2023;Sport Utility VehiHealthy Fast Food Chainle Sales;Family Fraud;-0.022
5.18.2023;Sport Utility VehiHealthy Fast Food Chainle Sales;Tours of the Wild West;-0.032
5.18.2023;Sport Utility VehiHealthy Fast Food Chainle Sales;Freaky Vacations;-0.094
5.18.2023;Sport Utility VehiHealthy Fast Food Chainle Sales;The Young and the Reckless;-0.178
5.18.2023;Sport Utility VehiHealthy Fast Food Chainle Sales;The Young and the Reckless;-0.178
5.18.2023;Sport Utility VehiHealthy Fast Food Chainle Sales;Tonight Tonight;0.09
5.18.2023;Sport Utility VehiHealthy Fast Food Chainle Sales;Late Hours;0.125
5.18.2023;Sport Utility VehiHealthy Fast Food Chainle Sales;Nightly News Stories;-0.003
5.18.2023;Sport Utility VehiHealthy Fast Food Chainle Sales;Fix and Flip;0.023
5.18.2023;Sport Utility VehiHealthy Fast Food Chainle Sales;Fix and Flip;0.023
5.18.2023;Sport Utility VehiHealthy Fast Food Chainle Sales;Daybreak Dish;-0.036
5.18.2023;Sport Utility VehiHealthy Fast Food Chainle Sales;Portable Homes;-0.068
5.18.2023;Sport Utility VehiHealthy Fast Food Chainle Sales;Portable Homes;-0.068
5.18.2023;Sport Utility VehiHealthy Fast Food Chainle Sales;Sister Home Sellers;0.256
5.18.2023;Sport Utility VehiHealthy Fast Food Chainle Sales;Sister Home Sellers;0.256
5.18.2023;Sport Utility VehiHealthy Fast Food Chainle Sales;New Gal;-0.198
5.18.2023;Sport Utility VehiHealthy Fast Food Chainle Sales;New Gal;-0.198
5.18.2023;Sport Utility VehiHealthy Fast Food Chainle Sales;Planet Hypothesis;0.152
5.18.2023;Sport Utility VehiHealthy Fast Food Chainle Sales;Planet Hypothesis;0.152
5.25.2023;Healthy Fast Food Chain;Waltzing with the Famous;0.233
5.25.2023;Healthy Fast Food Chain;Orlando Vice;0.086
5.25.2023;Healthy Fast Food Chain;Maui Five Ten;0.232
5.25.2023;Healthy Fast Food Chain;Maui Five Ten;0.232
5.25.2023;Healthy Fast Food Chain;Family Fraud;-0.022
5.25.2023;Healthy Fast Food Chain;Tours of the Wild West;-0.032
5.25.2023;Healthy Fast Food Chain;Tours of the Wild West;-0.032
5.25.2023;Healthy Fast Food Chain;Nightly News Stories;-0.003
5.25.2023;Healthy Fast Food Chain;Nightly News Stories;-0.003
5.25.2023;Healthy Fast Food Chain;Fix and Flip;0.023
5.25.2023;Healthy Fast Food Chain;Fix and Flip;0.023
5.25.2023;Healthy Fast Food Chain;Sister Home Sellers;0.256
5.25.2023;Healthy Fast Food Chain;New Gal;-0.198
5.25.2023;Healthy Fast Food Chain;Planet Hypothesis;0.152
5.25.2023;Healthy Fast Food Chain;Planet Hypothesis;0.152
5.25.2023;Retail Big Box Store;Together Forever;-0.052
5.25.2023;Retail Big Box Store;Together Forever;-0.052
5.25.2023;Retail Big Box Store;Orlando Vice;0.086
5.25.2023;Retail Big Box Store;Orlando Vice;0.086
5.25.2023;Retail Big Box Store;Maui Five Ten;0.232
5.25.2023;Retail Big Box Store;Maui Five Ten;0.232
5.25.2023;Retail Big Box Store;Rescue Squad;0.417
5.25.2023;Retail Big Box Store;Family Fraud;-0.022
5.25.2023;Retail Big Box Store;Tours of the Wild West;-0.032
5.25.2023;Retail Big Box Store;Tonight Tonight;0.09
5.25.2023;Retail Big Box Store;Late Hours;0.125
5.25.2023;Retail Big Box Store;Nightly News Stories;-0.003
5.25.2023;Retail Big Box Store;Fix and Flip;0.023
5.25.2023;Retail Big Box Store;Fix and Flip;0.023
5.25.2023;Retail Big Box Store;Portable Homes;-0.068
5.25.2023;Retail Big Box Store;Sister Home Sellers;0.256
5.25.2023;Retail Big Box Store;Sister Home Sellers;0.256
5.25.2023;Retail Big Box Store;Planet Hypothesis;0.152
5.25.2023;Retail Big Box Store;Planet Hypothesis;0.152
5.25.2023;Sport Utility VehiHealthy Fast Food Chainle Sales;Together Forever;-0.052
5.25.2023;Sport Utility VehiHealthy Fast Food Chainle Sales;Together Forever;-0.052
5.25.2023;Sport Utility VehiHealthy Fast Food Chainle Sales;Waltzing with the Famous;0.233
5.25.2023;Sport Utility VehiHealthy Fast Food Chainle Sales;Waltzing with the Famous;0.233
5.25.2023;Sport Utility VehiHealthy Fast Food Chainle Sales;Orlando Vice;0.086
5.25.2023;Sport Utility VehiHealthy Fast Food Chainle Sales;Orlando Vice;0.086
5.25.2023;Sport Utility VehiHealthy Fast Food Chainle Sales;Maui Five Ten;0.232
5.25.2023;Sport Utility VehiHealthy Fast Food Chainle Sales;Maui Five Ten;0.232
5.25.2023;Sport Utility VehiHealthy Fast Food Chainle Sales;Rescue Squad;0.417
5.25.2023;Sport Utility VehiHealthy Fast Food Chainle Sales;Rescue Squad;0.417
5.25.2023;Sport Utility VehiHealthy Fast Food Chainle Sales;Family Fraud;-0.022
5.25.2023;Sport Utility VehiHealthy Fast Food Chainle Sales;I Love Betty;-0.172
5.25.2023;Sport Utility VehiHealthy Fast Food Chainle Sales;I Love Betty;-0.172
5.25.2023;Sport Utility VehiHealthy Fast Food Chainle Sales;Tours of the Wild West;-0.032
5.25.2023;Sport Utility VehiHealthy Fast Food Chainle Sales;Tours of the Wild West;-0.032
5.25.2023;Sport Utility VehiHealthy Fast Food Chainle Sales;Tonight Tonight;0.09
5.25.2023;Sport Utility VehiHealthy Fast Food Chainle Sales;Late Hours;0.125
5.25.2023;Sport Utility VehiHealthy Fast Food Chainle Sales;Nightly News Stories;-0.003
5.25.2023;Sport Utility VehiHealthy Fast Food Chainle Sales;Nightly News Stories;-0.003
5.25.2023;Sport Utility VehiHealthy Fast Food Chainle Sales;Fix and Flip;0.023
5.25.2023;Sport Utility VehiHealthy Fast Food Chainle Sales;Fix and Flip;0.023
5.25.2023;Sport Utility VehiHealthy Fast Food Chainle Sales;Daybreak Dish;-0.036
5.25.2023;Sport Utility VehiHealthy Fast Food Chainle Sales;Portable Homes;-0.068
5.25.2023;Sport Utility VehiHealthy Fast Food Chainle Sales;Portable Homes;-0.068
5.25.2023;Sport Utility VehiHealthy Fast Food Chainle Sales;Sister Home Sellers;0.256
5.25.2023;Sport Utility VehiHealthy Fast Food Chainle Sales;Sister Home Sellers;0.256
5.25.2023;Sport Utility VehiHealthy Fast Food Chainle Sales;New Gal;-0.198
5.25.2023;Sport Utility VehiHealthy Fast Food Chainle Sales;New Gal;-0.198
5.25.2023;Sport Utility VehiHealthy Fast Food Chainle Sales;Planet Hypothesis;0.152
5.25.2023;Sport Utility VehiHealthy Fast Food Chainle Sales;Planet Hypothesis;0.152
06.01.2023;Healthy Fast Food Chain;Orlando Vice;0.086
06.01.2023;Healthy Fast Food Chain;Tours of the Wild West;-0.032
06.01.2023;Healthy Fast Food Chain;Tonight Tonight;0.09
06.01.2023;Healthy Fast Food Chain;Nightly News Stories;-0.003
06.01.2023;Healthy Fast Food Chain;Fix and Flip;0.023
06.01.2023;Healthy Fast Food Chain;Fix and Flip;0.023
06.01.2023;Healthy Fast Food Chain;Portable Homes;-0.068
06.01.2023;Healthy Fast Food Chain;Sister Home Sellers;0.256
06.01.2023;Healthy Fast Food Chain;New Gal;-0.198
06.01.2023;Healthy Fast Food Chain;Planet Hypothesis;0.152
06.01.2023;Healthy Fast Food Chain;Planet Hypothesis;0.152
06.01.2023;Popular Soft Drink;Rescue Squad;0.417
06.01.2023;Popular Soft Drink;Fix and Flip;0.023
06.01.2023;Popular Soft Drink;Sister Home Sellers;0.256
06.01.2023;Retail Big Box Store;Together Forever;-0.052
06.01.2023;Retail Big Box Store;Orlando Vice;0.086
06.01.2023;Retail Big Box Store;Maui Five Ten;0.232
06.01.2023;Retail Big Box Store;Rescue Squad;0.417
06.01.2023;Retail Big Box Store;Family Fraud;-0.022
06.01.2023;Retail Big Box Store;Tours of the Wild West;-0.032
06.01.2023;Retail Big Box Store;Tonight Tonight;0.09
06.01.2023;Retail Big Box Store;Late Hours;0.125
06.01.2023;Retail Big Box Store;Fix and Flip;0.023
06.01.2023;Retail Big Box Store;Fix and Flip;0.023
06.01.2023;Retail Big Box Store;Portable Homes;-0.068
06.01.2023;Retail Big Box Store;Sister Home Sellers;0.256
06.01.2023;Retail Big Box Store;Sister Home Sellers;0.256
06.01.2023;Retail Big Box Store;New Gal;-0.198
06.01.2023;Retail Big Box Store;Planet Hypothesis;0.152
06.01.2023;Sport Utility VehiHealthy Fast Food Chainle Sales;Together Forever;-0.052
06.01.2023;Sport Utility VehiHealthy Fast Food Chainle Sales;Together Forever;-0.052
06.01.2023;Sport Utility VehiHealthy Fast Food Chainle Sales;Waltzing with the Famous;0.233
06.01.2023;Sport Utility VehiHealthy Fast Food Chainle Sales;Waltzing with the Famous;0.233
06.01.2023;Sport Utility VehiHealthy Fast Food Chainle Sales;Orlando Vice;0.086
06.01.2023;Sport Utility VehiHealthy Fast Food Chainle Sales;Orlando Vice;0.086
06.01.2023;Sport Utility VehiHealthy Fast Food Chainle Sales;Maui Five Ten;0.232
06.01.2023;Sport Utility VehiHealthy Fast Food Chainle Sales;Rescue Squad;0.417
06.01.2023;Sport Utility VehiHealthy Fast Food Chainle Sales;Rescue Squad;0.417
06.01.2023;Sport Utility VehiHealthy Fast Food Chainle Sales;Family Fraud;-0.022
06.01.2023;Sport Utility VehiHealthy Fast Food Chainle Sales;I Love Betty;-0.172
06.01.2023;Sport Utility VehiHealthy Fast Food Chainle Sales;Tours of the Wild West;-0.032
06.01.2023;Sport Utility VehiHealthy Fast Food Chainle Sales;Tours of the Wild West;-0.032
06.01.2023;Sport Utility VehiHealthy Fast Food Chainle Sales;Tonight Tonight;0.09
06.01.2023;Sport Utility VehiHealthy Fast Food Chainle Sales;Late Hours;0.125
06.01.2023;Sport Utility VehiHealthy Fast Food Chainle Sales;Nightly News Stories;-0.003
06.01.2023;Sport Utility VehiHealthy Fast Food Chainle Sales;Fix and Flip;0.023
06.01.2023;Sport Utility VehiHealthy Fast Food Chainle Sales;Fix and Flip;0.023
06.01.2023;Sport Utility VehiHealthy Fast Food Chainle Sales;Daybreak Dish;-0.036
06.01.2023;Sport Utility VehiHealthy Fast Food Chainle Sales;Portable Homes;-0.068
06.01.2023;Sport Utility VehiHealthy Fast Food Chainle Sales;Portable Homes;-0.068
06.01.2023;Sport Utility VehiHealthy Fast Food Chainle Sales;Sister Home Sellers;0.256
06.01.2023;Sport Utility VehiHealthy Fast Food Chainle Sales;Sister Home Sellers;0.256
06.01.2023;Sport Utility VehiHealthy Fast Food Chainle Sales;New Gal;-0.198
06.01.2023;Sport Utility VehiHealthy Fast Food Chainle Sales;New Gal;-0.198
06.01.2023;Sport Utility VehiHealthy Fast Food Chainle Sales;Planet Hypothesis;0.152
06.01.2023;Sport Utility VehiHealthy Fast Food Chainle Sales;Planet Hypothesis;0.152
06.08.2023;Healthy Fast Food Chain;See and Sold;0.325
06.08.2023;Healthy Fast Food Chain;Waltzing with the Famous;0.233
06.08.2023;Healthy Fast Food Chain;Waltzing with the Famous;0.233
06.08.2023;Healthy Fast Food Chain;Orlando Vice;0.086
06.08.2023;Healthy Fast Food Chain;Orlando Vice;0.086
06.08.2023;Healthy Fast Food Chain;Maui Five Ten;0.232
06.08.2023;Healthy Fast Food Chain;Tours of the Wild West;-0.032
06.08.2023;Healthy Fast Food Chain;Tours of the Wild West;-0.032
06.08.2023;Healthy Fast Food Chain;Nightly News Stories;-0.003
06.08.2023;Healthy Fast Food Chain;Nightly News Stories;-0.003
06.08.2023;Healthy Fast Food Chain;Fix and Flip;0.023
06.08.2023;Healthy Fast Food Chain;Fix and Flip;0.023
06.08.2023;Healthy Fast Food Chain;Portable Homes;-0.068
06.08.2023;Healthy Fast Food Chain;Sister Home Sellers;0.256
06.08.2023;Healthy Fast Food Chain;New Gal;-0.198
06.08.2023;Healthy Fast Food Chain;Planet Hypothesis;0.152
06.08.2023;Healthy Fast Food Chain;Planet Hypothesis;0.152
06.08.2023;Popular Soft Drink;Rescue Squad;0.417
06.08.2023;Popular Soft Drink;Fix and Flip;0.023
06.08.2023;Popular Soft Drink;Portable Homes;-0.068
06.08.2023;Popular Soft Drink;Sister Home Sellers;0.256
06.08.2023;Retail Big Box Store;See and Sold;0.325
06.08.2023;Retail Big Box Store;See and Sold;0.325
06.08.2023;Retail Big Box Store;Together Forever;-0.052
06.08.2023;Retail Big Box Store;Together Forever;-0.052
06.08.2023;Retail Big Box Store;Orlando Vice;0.086
06.08.2023;Retail Big Box Store;Maui Five Ten;0.232
06.08.2023;Retail Big Box Store;Rescue Squad;0.417
06.08.2023;Retail Big Box Store;Family Fraud;-0.022
06.08.2023;Retail Big Box Store;Tours of the Wild West;-0.032
06.08.2023;Retail Big Box Store;Tonight Tonight;0.09
06.08.2023;Retail Big Box Store;Tonight Tonight;0.09
06.08.2023;Retail Big Box Store;Fix and Flip;0.023
06.08.2023;Retail Big Box Store;Fix and Flip;0.023
06.08.2023;Retail Big Box Store;Portable Homes;-0.068
06.08.2023;Retail Big Box Store;Sister Home Sellers;0.256
06.08.2023;Retail Big Box Store;Sister Home Sellers;0.256
06.08.2023;Retail Big Box Store;Planet Hypothesis;0.152
06.08.2023;Sport Utility VehiHealthy Fast Food Chainle Sales;See and Sold;0.325
06.08.2023;Sport Utility VehiHealthy Fast Food Chainle Sales;See and Sold;0.325
06.08.2023;Sport Utility VehiHealthy Fast Food Chainle Sales;Together Forever;-0.052
06.08.2023;Sport Utility VehiHealthy Fast Food Chainle Sales;Together Forever;-0.052
06.08.2023;Sport Utility VehiHealthy Fast Food Chainle Sales;Waltzing with the Famous;0.233
06.08.2023;Sport Utility VehiHealthy Fast Food Chainle Sales;Waltzing with the Famous;0.233
06.08.2023;Sport Utility VehiHealthy Fast Food Chainle Sales;Orlando Vice;0.086
06.08.2023;Sport Utility VehiHealthy Fast Food Chainle Sales;Orlando Vice;0.086
06.08.2023;Sport Utility VehiHealthy Fast Food Chainle Sales;Maui Five Ten;0.232
06.08.2023;Sport Utility VehiHealthy Fast Food Chainle Sales;Maui Five Ten;0.232
06.08.2023;Sport Utility VehiHealthy Fast Food Chainle Sales;Rescue Squad;0.417
06.08.2023;Sport Utility VehiHealthy Fast Food Chainle Sales;Rescue Squad;0.417
06.08.2023;Sport Utility VehiHealthy Fast Food Chainle Sales;Family Fraud;-0.022
06.08.2023;Sport Utility VehiHealthy Fast Food Chainle Sales;I Love Betty;-0.172
06.08.2023;Sport Utility VehiHealthy Fast Food Chainle Sales;Tours of the Wild West;-0.032
06.08.2023;Sport Utility VehiHealthy Fast Food Chainle Sales;Tonight Tonight;0.09
06.08.2023;Sport Utility VehiHealthy Fast Food Chainle Sales;Late Hours;0.125
06.08.2023;Sport Utility VehiHealthy Fast Food Chainle Sales;Nightly News Stories;-0.003
06.08.2023;Sport Utility VehiHealthy Fast Food Chainle Sales;Nightly News Stories;-0.003
06.08.2023;Sport Utility VehiHealthy Fast Food Chainle Sales;Fix and Flip;0.023
06.08.2023;Sport Utility VehiHealthy Fast Food Chainle Sales;Fix and Flip;0.023
06.08.2023;Sport Utility VehiHealthy Fast Food Chainle Sales;Daybreak Dish;-0.036
06.08.2023;Sport Utility VehiHealthy Fast Food Chainle Sales;Portable Homes;-0.068
06.08.2023;Sport Utility VehiHealthy Fast Food Chainle Sales;Portable Homes;-0.068
06.08.2023;Sport Utility VehiHealthy Fast Food Chainle Sales;Sister Home Sellers;0.256
06.08.2023;Sport Utility VehiHealthy Fast Food Chainle Sales;Sister Home Sellers;0.256
06.08.2023;Sport Utility VehiHealthy Fast Food Chainle Sales;New Gal;-0.198
06.08.2023;Sport Utility VehiHealthy Fast Food Chainle Sales;New Gal;-0.198
06.08.2023;Sport Utility VehiHealthy Fast Food Chainle Sales;Planet Hypothesis;0.152
06.08.2023;Sport Utility VehiHealthy Fast Food Chainle Sales;Planet Hypothesis;0.152
6.15.2023;Healthy Fast Food Chain;Orlando Vice;0.086
6.15.2023;Healthy Fast Food Chain;Maui Five Ten;0.232
6.15.2023;Healthy Fast Food Chain;Family Fraud;-0.022
6.15.2023;Healthy Fast Food Chain;Tours of the Wild West;-0.032
6.15.2023;Healthy Fast Food Chain;Tours of the Wild West;-0.032
6.15.2023;Healthy Fast Food Chain;Tonight Tonight;0.09
6.15.2023;Healthy Fast Food Chain;Nightly News Stories;-0.003
6.15.2023;Healthy Fast Food Chain;Fix and Flip;0.023
6.15.2023;Healthy Fast Food Chain;Portable Homes;-0.068
6.15.2023;Healthy Fast Food Chain;Sister Home Sellers;0.256
6.15.2023;Healthy Fast Food Chain;Sister Home Sellers;0.256
6.15.2023;Healthy Fast Food Chain;New Gal;-0.198
6.15.2023;Healthy Fast Food Chain;New Gal;-0.198
6.15.2023;Healthy Fast Food Chain;Planet Hypothesis;0.152
6.15.2023;Healthy Fast Food Chain;Planet Hypothesis;0.152
6.15.2023;Popular Soft Drink;Rescue Squad;0.417
6.15.2023;Popular Soft Drink;Fix and Flip;0.023
6.15.2023;Popular Soft Drink;Sister Home Sellers;0.256
6.15.2023;Popular Soft Drink;New Gal;-0.198
6.15.2023;Retail Big Box Store;See and Sold;0.325
6.15.2023;Retail Big Box Store;Together Forever;-0.052
6.15.2023;Retail Big Box Store;Together Forever;-0.052
6.15.2023;Retail Big Box Store;Orlando Vice;0.086
6.15.2023;Retail Big Box Store;Maui Five Ten;0.232
6.15.2023;Retail Big Box Store;Rescue Squad;0.417
6.15.2023;Retail Big Box Store;Tours of the Wild West;-0.032
6.15.2023;Retail Big Box Store;Tonight Tonight;0.09
6.15.2023;Retail Big Box Store;Late Hours;0.125
6.15.2023;Retail Big Box Store;Nightly News Stories;-0.003
6.15.2023;Retail Big Box Store;Fix and Flip;0.023
6.15.2023;Retail Big Box Store;Fix and Flip;0.023
6.15.2023;Retail Big Box Store;Portable Homes;-0.068
6.15.2023;Retail Big Box Store;International Villas;0.17
6.15.2023;Retail Big Box Store;Sister Home Sellers;0.256
6.15.2023;Retail Big Box Store;Sister Home Sellers;0.256
6.15.2023;Retail Big Box Store;New Gal;-0.198
6.15.2023;Retail Big Box Store;Planet Hypothesis;0.152
6.15.2023;Sport Utility VehiHealthy Fast Food Chainle Sales;See and Sold;0.325
6.15.2023;Sport Utility VehiHealthy Fast Food Chainle Sales;See and Sold;0.325
6.15.2023;Sport Utility VehiHealthy Fast Food Chainle Sales;Together Forever;-0.052
6.15.2023;Sport Utility VehiHealthy Fast Food Chainle Sales;Waltzing with the Famous;0.233
6.15.2023;Sport Utility VehiHealthy Fast Food Chainle Sales;Maui Five Ten;0.232
6.15.2023;Sport Utility VehiHealthy Fast Food Chainle Sales;Rescue Squad;0.417
6.15.2023;Sport Utility VehiHealthy Fast Food Chainle Sales;Rescue Squad;0.417
6.15.2023;Sport Utility VehiHealthy Fast Food Chainle Sales;Family Fraud;-0.022
6.15.2023;Sport Utility VehiHealthy Fast Food Chainle Sales;I Love Betty;-0.172
6.15.2023;Sport Utility VehiHealthy Fast Food Chainle Sales;I Love Betty;-0.172
6.15.2023;Sport Utility VehiHealthy Fast Food Chainle Sales;Weird Flavors;0.329
6.15.2023;Sport Utility VehiHealthy Fast Food Chainle Sales;Weird Flavors;0.329
6.15.2023;Sport Utility VehiHealthy Fast Food Chainle Sales;Tours of the Wild West;-0.032
6.15.2023;Sport Utility VehiHealthy Fast Food Chainle Sales;Tours of the Wild West;-0.032
6.15.2023;Sport Utility VehiHealthy Fast Food Chainle Sales;Tonight Tonight;0.09
6.15.2023;Sport Utility VehiHealthy Fast Food Chainle Sales;Nightly News Stories;-0.003
6.15.2023;Sport Utility VehiHealthy Fast Food Chainle Sales;Nightly News Stories;-0.003
6.15.2023;Sport Utility VehiHealthy Fast Food Chainle Sales;Fix and Flip;0.023
6.15.2023;Sport Utility VehiHealthy Fast Food Chainle Sales;Fix and Flip;0.023
6.15.2023;Sport Utility VehiHealthy Fast Food Chainle Sales;Daybreak Dish;-0.036
6.15.2023;Sport Utility VehiHealthy Fast Food Chainle Sales;Portable Homes;-0.068
6.15.2023;Sport Utility VehiHealthy Fast Food Chainle Sales;Sister Home Sellers;0.256
6.15.2023;Sport Utility VehiHealthy Fast Food Chainle Sales;Sister Home Sellers;0.256
6.15.2023;Sport Utility VehiHealthy Fast Food Chainle Sales;New Gal;-0.198
6.15.2023;Sport Utility VehiHealthy Fast Food Chainle Sales;New Gal;-0.198
6.15.2023;Sport Utility VehiHealthy Fast Food Chainle Sales;Planet Hypothesis;0.152
6.15.2023;Sport Utility VehiHealthy Fast Food Chainle Sales;Planet Hypothesis;0.152
6.22.2023;Healthy Fast Food Chain;See and Sold;0.325
6.22.2023;Healthy Fast Food Chain;Waltzing with the Famous;0.233
6.22.2023;Healthy Fast Food Chain;Orlando Vice;0.086
6.22.2023;Healthy Fast Food Chain;Maui Five Ten;0.232
6.22.2023;Healthy Fast Food Chain;Weird Flavors;0.329
6.22.2023;Healthy Fast Food Chain;Tours of the Wild West;-0.032
6.22.2023;Healthy Fast Food Chain;Tonight Tonight;0.09
6.22.2023;Healthy Fast Food Chain;Nightly News Stories;-0.003
6.22.2023;Healthy Fast Food Chain;Fix and Flip;0.023
6.22.2023;Healthy Fast Food Chain;Fix and Flip;0.023
6.22.2023;Healthy Fast Food Chain;Portable Homes;-0.068
6.22.2023;Healthy Fast Food Chain;Sister Home Sellers;0.256
6.22.2023;Healthy Fast Food Chain;New Gal;-0.198
6.22.2023;Healthy Fast Food Chain;Planet Hypothesis;0.152
6.22.2023;Healthy Fast Food Chain;Planet Hypothesis;0.152
6.22.2023;Popular Soft Drink;Rescue Squad;0.417
6.22.2023;Popular Soft Drink;Fix and Flip;0.023
6.22.2023;Popular Soft Drink;Sister Home Sellers;0.256
6.22.2023;Retail Big Box Store;Together Forever;-0.052
6.22.2023;Retail Big Box Store;Waltzing with the Famous;0.233
6.22.2023;Retail Big Box Store;Orlando Vice;0.086
6.22.2023;Retail Big Box Store;Maui Five Ten;0.232
6.22.2023;Retail Big Box Store;Rescue Squad;0.417
6.22.2023;Retail Big Box Store;Family Fraud;-0.022
6.22.2023;Retail Big Box Store;Tours of the Wild West;-0.032
6.22.2023;Retail Big Box Store;Tonight Tonight;0.09
6.22.2023;Retail Big Box Store;Tonight Tonight;0.09
6.22.2023;Retail Big Box Store;Late Hours;0.125
6.22.2023;Retail Big Box Store;Nightly News Stories;-0.003
6.22.2023;Retail Big Box Store;Fix and Flip;0.023
6.22.2023;Retail Big Box Store;Fix and Flip;0.023
6.22.2023;Retail Big Box Store;Portable Homes;-0.068
6.22.2023;Retail Big Box Store;International Villas;0.17
6.22.2023;Retail Big Box Store;International Villas;0.17
6.22.2023;Retail Big Box Store;Sister Home Sellers;0.256
6.22.2023;Retail Big Box Store;Sister Home Sellers;0.256
6.22.2023;Retail Big Box Store;New Gal;-0.198
6.22.2023;Retail Big Box Store;Planet Hypothesis;0.152
6.22.2023;Sport Utility VehiHealthy Fast Food Chainle Sales;See and Sold;0.325
6.22.2023;Sport Utility VehiHealthy Fast Food Chainle Sales;Together Forever;-0.052
6.22.2023;Sport Utility VehiHealthy Fast Food Chainle Sales;Together Forever;-0.052
6.22.2023;Sport Utility VehiHealthy Fast Food Chainle Sales;Waltzing with the Famous;0.233
6.22.2023;Sport Utility VehiHealthy Fast Food Chainle Sales;Waltzing with the Famous;0.233
6.22.2023;Sport Utility VehiHealthy Fast Food Chainle Sales;Orlando Vice;0.086
6.22.2023;Sport Utility VehiHealthy Fast Food Chainle Sales;Orlando Vice;0.086
6.22.2023;Sport Utility VehiHealthy Fast Food Chainle Sales;Maui Five Ten;0.232
6.22.2023;Sport Utility VehiHealthy Fast Food Chainle Sales;Maui Five Ten;0.232
6.22.2023;Sport Utility VehiHealthy Fast Food Chainle Sales;Rescue Squad;0.417
6.22.2023;Sport Utility VehiHealthy Fast Food Chainle Sales;Rescue Squad;0.417
6.22.2023;Sport Utility VehiHealthy Fast Food Chainle Sales;Family Fraud;-0.022
6.22.2023;Sport Utility VehiHealthy Fast Food Chainle Sales;I Love Betty;-0.172
6.22.2023;Sport Utility VehiHealthy Fast Food Chainle Sales;Weird Flavors;0.329
6.22.2023;Sport Utility VehiHealthy Fast Food Chainle Sales;Weird Flavors;0.329
6.22.2023;Sport Utility VehiHealthy Fast Food Chainle Sales;Hot Air Balloon Cruises;0.235
6.22.2023;Sport Utility VehiHealthy Fast Food Chainle Sales;Hot Air Balloon Cruises;0.235
6.22.2023;Sport Utility VehiHealthy Fast Food Chainle Sales;Tours of the Wild West;-0.032
6.22.2023;Sport Utility VehiHealthy Fast Food Chainle Sales;Tours of the Wild West;-0.032
6.22.2023;Sport Utility VehiHealthy Fast Food Chainle Sales;Tonight Tonight;0.09
6.22.2023;Sport Utility VehiHealthy Fast Food Chainle Sales;Late Hours;0.125
6.22.2023;Sport Utility VehiHealthy Fast Food Chainle Sales;Nightly News Stories;-0.003
6.22.2023;Sport Utility VehiHealthy Fast Food Chainle Sales;Nightly News Stories;-0.003
6.22.2023;Sport Utility VehiHealthy Fast Food Chainle Sales;Fix and Flip;0.023
6.22.2023;Sport Utility VehiHealthy Fast Food Chainle Sales;Fix and Flip;0.023
6.22.2023;Sport Utility VehiHealthy Fast Food Chainle Sales;Daybreak Dish;-0.036
6.22.2023;Sport Utility VehiHealthy Fast Food Chainle Sales;Portable Homes;-0.068
6.22.2023;Sport Utility VehiHealthy Fast Food Chainle Sales;International Villas;0.17
6.22.2023;Sport Utility VehiHealthy Fast Food Chainle Sales;International Villas;0.17
6.22.2023;Sport Utility VehiHealthy Fast Food Chainle Sales;Sister Home Sellers;0.256
6.22.2023;Sport Utility VehiHealthy Fast Food Chainle Sales;Sister Home Sellers;0.256
6.22.2023;Sport Utility VehiHealthy Fast Food Chainle Sales;New Gal;-0.198
6.22.2023;Sport Utility VehiHealthy Fast Food Chainle Sales;New Gal;-0.198
6.22.2023;Sport Utility VehiHealthy Fast Food Chainle Sales;Planet Hypothesis;0.152
6.22.2023;Sport Utility VehiHealthy Fast Food Chainle Sales;Planet Hypothesis;0.152
6.29.2023;Healthy Fast Food Chain;See and Sold;0.325
6.29.2023;Healthy Fast Food Chain;Waltzing with the Famous;0.233
6.29.2023;Healthy Fast Food Chain;Waltzing with the Famous;0.233
6.29.2023;Healthy Fast Food Chain;Orlando Vice;0.086
6.29.2023;Healthy Fast Food Chain;Maui Five Ten;0.232
6.29.2023;Healthy Fast Food Chain;Maui Five Ten;0.232
6.29.2023;Healthy Fast Food Chain;Weird Flavors;0.329
6.29.2023;Healthy Fast Food Chain;Weird Flavors;0.329
6.29.2023;Healthy Fast Food Chain;Tours of the Wild West;-0.032
6.29.2023;Healthy Fast Food Chain;Tonight Tonight;0.09
6.29.2023;Healthy Fast Food Chain;Tonight Tonight;0.09
6.29.2023;Healthy Fast Food Chain;Nightly News Stories;-0.003
6.29.2023;Healthy Fast Food Chain;Nightly News Stories;-0.003
6.29.2023;Healthy Fast Food Chain;Fix and Flip;0.023
6.29.2023;Healthy Fast Food Chain;Fix and Flip;0.023
6.29.2023;Healthy Fast Food Chain;Portable Homes;-0.068
6.29.2023;Healthy Fast Food Chain;Sister Home Sellers;0.256
6.29.2023;Healthy Fast Food Chain;New Gal;-0.198
6.29.2023;Healthy Fast Food Chain;Planet Hypothesis;0.152
6.29.2023;Healthy Fast Food Chain;Planet Hypothesis;0.152
6.29.2023;Popular Soft Drink;Portable Homes;-0.068
6.29.2023;Retail Big Box Store;See and Sold;0.325
6.29.2023;Retail Big Box Store;Together Forever;-0.052
6.29.2023;Retail Big Box Store;Together Forever;-0.052
6.29.2023;Retail Big Box Store;Orlando Vice;0.086
6.29.2023;Retail Big Box Store;Orlando Vice;0.086
6.29.2023;Retail Big Box Store;Maui Five Ten;0.232
6.29.2023;Retail Big Box Store;Family Fraud;-0.022
6.29.2023;Retail Big Box Store;My First Home;0.598
6.29.2023;Retail Big Box Store;Tours of the Wild West;-0.032
6.29.2023;Retail Big Box Store;Tonight Tonight;0.09
6.29.2023;Retail Big Box Store;Late Hours;0.125
6.29.2023;Retail Big Box Store;Nightly News Stories;-0.003
6.29.2023;Retail Big Box Store;Fix and Flip;0.023
6.29.2023;Retail Big Box Store;Fix and Flip;0.023
6.29.2023;Retail Big Box Store;Portable Homes;-0.068
6.29.2023;Retail Big Box Store;Sister Home Sellers;0.256
6.29.2023;Retail Big Box Store;Sister Home Sellers;0.256
6.29.2023;Retail Big Box Store;New Gal;-0.198
6.29.2023;Retail Big Box Store;Planet Hypothesis;0.152
6.29.2023;Sport Utility VehiHealthy Fast Food Chainle Sales;See and Sold;0.325
6.29.2023;Sport Utility VehiHealthy Fast Food Chainle Sales;See and Sold;0.325
6.29.2023;Sport Utility VehiHealthy Fast Food Chainle Sales;Together Forever;-0.052
6.29.2023;Sport Utility VehiHealthy Fast Food Chainle Sales;Together Forever;-0.052
6.29.2023;Sport Utility VehiHealthy Fast Food Chainle Sales;Waltzing with the Famous;0.233
6.29.2023;Sport Utility VehiHealthy Fast Food Chainle Sales;Waltzing with the Famous;0.233
6.29.2023;Sport Utility VehiHealthy Fast Food Chainle Sales;Orlando Vice;0.086
6.29.2023;Sport Utility VehiHealthy Fast Food Chainle Sales;Orlando Vice;0.086
6.29.2023;Sport Utility VehiHealthy Fast Food Chainle Sales;Maui Five Ten;0.232
6.29.2023;Sport Utility VehiHealthy Fast Food Chainle Sales;I Love Betty;-0.172
6.29.2023;Sport Utility VehiHealthy Fast Food Chainle Sales;I Love Betty;-0.172
6.29.2023;Sport Utility VehiHealthy Fast Food Chainle Sales;My First Home;0.598
6.29.2023;Sport Utility VehiHealthy Fast Food Chainle Sales;Weird Flavors;0.329
6.29.2023;Sport Utility VehiHealthy Fast Food Chainle Sales;Hot Air Balloon Cruises;0.235
6.29.2023;Sport Utility VehiHealthy Fast Food Chainle Sales;Hot Air Balloon Cruises;0.235
6.29.2023;Sport Utility VehiHealthy Fast Food Chainle Sales;Tours of the Wild West;-0.032
6.29.2023;Sport Utility VehiHealthy Fast Food Chainle Sales;Tours of the Wild West;-0.032
6.29.2023;Sport Utility VehiHealthy Fast Food Chainle Sales;Tonight Tonight;0.09
6.29.2023;Sport Utility VehiHealthy Fast Food Chainle Sales;Nightly News Stories;-0.003
6.29.2023;Sport Utility VehiHealthy Fast Food Chainle Sales;Fix and Flip;0.023
6.29.2023;Sport Utility VehiHealthy Fast Food Chainle Sales;Fix and Flip;0.023
6.29.2023;Sport Utility VehiHealthy Fast Food Chainle Sales;Portable Homes;-0.068
6.29.2023;Sport Utility VehiHealthy Fast Food Chainle Sales;Portable Homes;-0.068
6.29.2023;Sport Utility VehiHealthy Fast Food Chainle Sales;International Villas;0.17
6.29.2023;Sport Utility VehiHealthy Fast Food Chainle Sales;Sister Home Sellers;0.256
6.29.2023;Sport Utility VehiHealthy Fast Food Chainle Sales;Sister Home Sellers;0.256
6.29.2023;Sport Utility VehiHealthy Fast Food Chainle Sales;New Gal;-0.198
6.29.2023;Sport Utility VehiHealthy Fast Food Chainle Sales;Planet Hypothesis;0.152
6.29.2023;Sport Utility VehiHealthy Fast Food Chainle Sales;Planet Hypothesis;0.152
07.06.2023;Healthy Fast Food Chain;See and Sold;0.325
07.06.2023;Healthy Fast Food Chain;Orlando Vice;0.086
07.06.2023;Healthy Fast Food Chain;Orlando Vice;0.086
07.06.2023;Healthy Fast Food Chain;Weird Flavors;0.329
07.06.2023;Healthy Fast Food Chain;Tours of the Wild West;-0.032
07.06.2023;Healthy Fast Food Chain;Tonight Tonight;0.09
07.06.2023;Healthy Fast Food Chain;Tonight Tonight;0.09
07.06.2023;Healthy Fast Food Chain;Fix and Flip;0.023
07.06.2023;Healthy Fast Food Chain;Fix and Flip;0.023
07.06.2023;Healthy Fast Food Chain;Portable Homes;-0.068
07.06.2023;Healthy Fast Food Chain;Sister Home Sellers;0.256
07.06.2023;Healthy Fast Food Chain;New Gal;-0.198
07.06.2023;Healthy Fast Food Chain;Planet Hypothesis;0.152
07.06.2023;Healthy Fast Food Chain;Planet Hypothesis;0.152
07.06.2023;Popular Soft Drink;Fix and Flip;0.023
07.06.2023;Popular Soft Drink;Portable Homes;-0.068
07.06.2023;Retail Big Box Store;See and Sold;0.325
07.06.2023;Retail Big Box Store;Together Forever;-0.052
07.06.2023;Retail Big Box Store;Together Forever;-0.052
07.06.2023;Retail Big Box Store;Orlando Vice;0.086
07.06.2023;Retail Big Box Store;Orlando Vice;0.086
07.06.2023;Retail Big Box Store;Maui Five Ten;0.232
07.06.2023;Retail Big Box Store;Maui Five Ten;0.232
07.06.2023;Retail Big Box Store;Rescue Squad;0.417
07.06.2023;Retail Big Box Store;Family Fraud;-0.022
07.06.2023;Retail Big Box Store;I Love Betty;-0.172
07.06.2023;Retail Big Box Store;Weird Flavors;0.329
07.06.2023;Retail Big Box Store;Tours of the Wild West;-0.032
07.06.2023;Retail Big Box Store;Tonight Tonight;0.09
07.06.2023;Retail Big Box Store;Tonight Tonight;0.09
07.06.2023;Retail Big Box Store;Late Hours;0.125
07.06.2023;Retail Big Box Store;Fix and Flip;0.023
07.06.2023;Retail Big Box Store;Fix and Flip;0.023
07.06.2023;Retail Big Box Store;Portable Homes;-0.068
07.06.2023;Retail Big Box Store;International Villas;0.17
07.06.2023;Retail Big Box Store;Sister Home Sellers;0.256
07.06.2023;Retail Big Box Store;Sister Home Sellers;0.256
07.06.2023;Retail Big Box Store;New Gal;-0.198
07.06.2023;Retail Big Box Store;Planet Hypothesis;0.152
07.06.2023;Retail Big Box Store;Planet Hypothesis;0.152
07.06.2023;Sport Utility VehiHealthy Fast Food Chainle Sales;See and Sold;0.325
07.06.2023;Sport Utility VehiHealthy Fast Food Chainle Sales;See and Sold;0.325
07.06.2023;Sport Utility VehiHealthy Fast Food Chainle Sales;Together Forever;-0.052
07.06.2023;Sport Utility VehiHealthy Fast Food Chainle Sales;Together Forever;-0.052
07.06.2023;Sport Utility VehiHealthy Fast Food Chainle Sales;Waltzing with the Famous;0.233
07.06.2023;Sport Utility VehiHealthy Fast Food Chainle Sales;Waltzing with the Famous;0.233
07.06.2023;Sport Utility VehiHealthy Fast Food Chainle Sales;Orlando Vice;0.086
07.06.2023;Sport Utility VehiHealthy Fast Food Chainle Sales;Orlando Vice;0.086
07.06.2023;Sport Utility VehiHealthy Fast Food Chainle Sales;Maui Five Ten;0.232
07.06.2023;Sport Utility VehiHealthy Fast Food Chainle Sales;Maui Five Ten;0.232
07.06.2023;Sport Utility VehiHealthy Fast Food Chainle Sales;Family Fraud;-0.022
07.06.2023;Sport Utility VehiHealthy Fast Food Chainle Sales;I Love Betty;-0.172
07.06.2023;Sport Utility VehiHealthy Fast Food Chainle Sales;I Love Betty;-0.172
07.06.2023;Sport Utility VehiHealthy Fast Food Chainle Sales;Weird Flavors;0.329
07.06.2023;Sport Utility VehiHealthy Fast Food Chainle Sales;Weird Flavors;0.329
07.06.2023;Sport Utility VehiHealthy Fast Food Chainle Sales;Hot Air Balloon Cruises;0.235
07.06.2023;Sport Utility VehiHealthy Fast Food Chainle Sales;Hot Air Balloon Cruises;0.235
07.06.2023;Sport Utility VehiHealthy Fast Food Chainle Sales;Tours of the Wild West;-0.032
07.06.2023;Sport Utility VehiHealthy Fast Food Chainle Sales;Tours of the Wild West;-0.032
07.06.2023;Sport Utility VehiHealthy Fast Food Chainle Sales;Tonight Tonight;0.09
07.06.2023;Sport Utility VehiHealthy Fast Food Chainle Sales;Late Hours;0.125
07.06.2023;Sport Utility VehiHealthy Fast Food Chainle Sales;Nightly News Stories;-0.003
07.06.2023;Sport Utility VehiHealthy Fast Food Chainle Sales;Fix and Flip;0.023
07.06.2023;Sport Utility VehiHealthy Fast Food Chainle Sales;Fix and Flip;0.023
07.06.2023;Sport Utility VehiHealthy Fast Food Chainle Sales;Portable Homes;-0.068
07.06.2023;Sport Utility VehiHealthy Fast Food Chainle Sales;Portable Homes;-0.068
07.06.2023;Sport Utility VehiHealthy Fast Food Chainle Sales;International Villas;0.17
07.06.2023;Sport Utility VehiHealthy Fast Food Chainle Sales;Sister Home Sellers;0.256
07.06.2023;Sport Utility VehiHealthy Fast Food Chainle Sales;Sister Home Sellers;0.256
07.06.2023;Sport Utility VehiHealthy Fast Food Chainle Sales;New Gal;-0.198
07.06.2023;Sport Utility VehiHealthy Fast Food Chainle Sales;Planet Hypothesis;0.152
07.06.2023;Sport Utility VehiHealthy Fast Food Chainle Sales;Planet Hypothesis;0.152
7.13.2023;Healthy Fast Food Chain;See and Sold;0.325
7.13.2023;Healthy Fast Food Chain;Waltzing with the Famous;0.233
7.13.2023;Healthy Fast Food Chain;Orlando Vice;0.086
7.13.2023;Healthy Fast Food Chain;Maui Five Ten;0.232
7.13.2023;Healthy Fast Food Chain;Weird Flavors;0.329
7.13.2023;Healthy Fast Food Chain;Hot Air Balloon Cruises;0.235
7.13.2023;Healthy Fast Food Chain;Tours of the Wild West;-0.032
7.13.2023;Healthy Fast Food Chain;Tonight Tonight;0.09
7.13.2023;Healthy Fast Food Chain;Nightly News Stories;-0.003
7.13.2023;Healthy Fast Food Chain;Fix and Flip;0.023
7.13.2023;Healthy Fast Food Chain;Fix and Flip;0.023
7.13.2023;Healthy Fast Food Chain;Portable Homes;-0.068
7.13.2023;Healthy Fast Food Chain;Sister Home Sellers;0.256
7.13.2023;Healthy Fast Food Chain;New Gal;-0.198
7.13.2023;Healthy Fast Food Chain;Planet Hypothesis;0.152
7.13.2023;Popular Soft Drink;Fix and Flip;0.023
7.13.2023;Popular Soft Drink;Portable Homes;-0.068
7.13.2023;Retail Big Box Store;See and Sold;0.325
7.13.2023;Retail Big Box Store;Together Forever;-0.052
7.13.2023;Retail Big Box Store;Together Forever;-0.052
7.13.2023;Retail Big Box Store;Waltzing with the Famous;0.233
7.13.2023;Retail Big Box Store;Orlando Vice;0.086
7.13.2023;Retail Big Box Store;Orlando Vice;0.086
7.13.2023;Retail Big Box Store;Maui Five Ten;0.232
7.13.2023;Retail Big Box Store;Rescue Squad;0.417
7.13.2023;Retail Big Box Store;Family Fraud;-0.022
7.13.2023;Retail Big Box Store;Weird Flavors;0.329
7.13.2023;Retail Big Box Store;Tours of the Wild West;-0.032
7.13.2023;Retail Big Box Store;Tonight Tonight;0.09
7.13.2023;Retail Big Box Store;Late Hours;0.125
7.13.2023;Retail Big Box Store;Fix and Flip;0.023
7.13.2023;Retail Big Box Store;Fix and Flip;0.023
7.13.2023;Retail Big Box Store;Portable Homes;-0.068
7.13.2023;Retail Big Box Store;International Villas;0.17
7.13.2023;Retail Big Box Store;International Villas;0.17
7.13.2023;Retail Big Box Store;Sister Home Sellers;0.256
7.13.2023;Retail Big Box Store;Sister Home Sellers;0.256
7.13.2023;Retail Big Box Store;New Gal;-0.198
7.13.2023;Retail Big Box Store;Planet Hypothesis;0.152
7.13.2023;Retail Big Box Store;Planet Hypothesis;0.152
7.13.2023;Sport Utility VehiHealthy Fast Food Chainle Sales;See and Sold;0.325
7.13.2023;Sport Utility VehiHealthy Fast Food Chainle Sales;Together Forever;-0.052
7.13.2023;Sport Utility VehiHealthy Fast Food Chainle Sales;Waltzing with the Famous;0.233
7.13.2023;Sport Utility VehiHealthy Fast Food Chainle Sales;Waltzing with the Famous;0.233
7.13.2023;Sport Utility VehiHealthy Fast Food Chainle Sales;Orlando Vice;0.086
7.13.2023;Sport Utility VehiHealthy Fast Food Chainle Sales;Orlando Vice;0.086
7.13.2023;Sport Utility VehiHealthy Fast Food Chainle Sales;Maui Five Ten;0.232
7.13.2023;Sport Utility VehiHealthy Fast Food Chainle Sales;Family Fraud;-0.022
7.13.2023;Sport Utility VehiHealthy Fast Food Chainle Sales;I Love Betty;-0.172
7.13.2023;Sport Utility VehiHealthy Fast Food Chainle Sales;I Love Betty;-0.172
7.13.2023;Sport Utility VehiHealthy Fast Food Chainle Sales;Weird Flavors;0.329
7.13.2023;Sport Utility VehiHealthy Fast Food Chainle Sales;Weird Flavors;0.329
7.13.2023;Sport Utility VehiHealthy Fast Food Chainle Sales;Hot Air Balloon Cruises;0.235
7.13.2023;Sport Utility VehiHealthy Fast Food Chainle Sales;Hot Air Balloon Cruises;0.235
7.13.2023;Sport Utility VehiHealthy Fast Food Chainle Sales;Tours of the Wild West;-0.032
7.13.2023;Sport Utility VehiHealthy Fast Food Chainle Sales;Tours of the Wild West;-0.032
7.13.2023;Sport Utility VehiHealthy Fast Food Chainle Sales;Tonight Tonight;0.09
7.13.2023;Sport Utility VehiHealthy Fast Food Chainle Sales;Late Hours;0.125
7.13.2023;Sport Utility VehiHealthy Fast Food Chainle Sales;Nightly News Stories;-0.003
7.13.2023;Sport Utility VehiHealthy Fast Food Chainle Sales;Fix and Flip;0.023
7.13.2023;Sport Utility VehiHealthy Fast Food Chainle Sales;Fix and Flip;0.023
7.13.2023;Sport Utility VehiHealthy Fast Food Chainle Sales;Portable Homes;-0.068
7.13.2023;Sport Utility VehiHealthy Fast Food Chainle Sales;Portable Homes;-0.068
7.13.2023;Sport Utility VehiHealthy Fast Food Chainle Sales;International Villas;0.17
7.13.2023;Sport Utility VehiHealthy Fast Food Chainle Sales;International Villas;0.17
7.13.2023;Sport Utility VehiHealthy Fast Food Chainle Sales;Sister Home Sellers;0.256
7.13.2023;Sport Utility VehiHealthy Fast Food Chainle Sales;Sister Home Sellers;0.256
7.13.2023;Sport Utility VehiHealthy Fast Food Chainle Sales;New Gal;-0.198
7.13.2023;Sport Utility VehiHealthy Fast Food Chainle Sales;Planet Hypothesis;0.152
7.13.2023;Sport Utility VehiHealthy Fast Food Chainle Sales;Planet Hypothesis;0.152
7.20.2023;Healthy Fast Food Chain;Waltzing with the Famous;0.233
7.20.2023;Healthy Fast Food Chain;Orlando Vice;0.086
7.20.2023;Healthy Fast Food Chain;Maui Five Ten;0.232
7.20.2023;Healthy Fast Food Chain;Maui Five Ten;0.232
7.20.2023;Healthy Fast Food Chain;Weird Flavors;0.329
7.20.2023;Healthy Fast Food Chain;Tours of the Wild West;-0.032
7.20.2023;Healthy Fast Food Chain;Tours of the Wild West;-0.032
7.20.2023;Healthy Fast Food Chain;Tonight Tonight;0.09
7.20.2023;Healthy Fast Food Chain;Nightly News Stories;-0.003
7.20.2023;Healthy Fast Food Chain;Nightly News Stories;-0.003
7.20.2023;Healthy Fast Food Chain;Fix and Flip;0.023
7.20.2023;Healthy Fast Food Chain;Portable Homes;-0.068
7.20.2023;Healthy Fast Food Chain;Sister Home Sellers;0.256
7.20.2023;Healthy Fast Food Chain;New Gal;-0.198
7.20.2023;Healthy Fast Food Chain;New Gal;-0.198
7.20.2023;Healthy Fast Food Chain;Planet Hypothesis;0.152
7.20.2023;Healthy Fast Food Chain;Planet Hypothesis;0.152
7.20.2023;Popular Soft Drink;Portable Homes;-0.068
7.20.2023;Retail Big Box Store;See and Sold;0.325
7.20.2023;Retail Big Box Store;Together Forever;-0.052
7.20.2023;Retail Big Box Store;Together Forever;-0.052
7.20.2023;Retail Big Box Store;Waltzing with the Famous;0.233
7.20.2023;Retail Big Box Store;Orlando Vice;0.086
7.20.2023;Retail Big Box Store;Orlando Vice;0.086
7.20.2023;Retail Big Box Store;Maui Five Ten;0.232
7.20.2023;Retail Big Box Store;Maui Five Ten;0.232
7.20.2023;Retail Big Box Store;Rescue Squad;0.417
7.20.2023;Retail Big Box Store;Family Fraud;-0.022
7.20.2023;Retail Big Box Store;I Love Betty;-0.172
7.20.2023;Retail Big Box Store;Weird Flavors;0.329
7.20.2023;Retail Big Box Store;Tours of the Wild West;-0.032
7.20.2023;Retail Big Box Store;Tonight Tonight;0.09
7.20.2023;Retail Big Box Store;Late Hours;0.125
7.20.2023;Retail Big Box Store;Nightly News Stories;-0.003
7.20.2023;Retail Big Box Store;Fix and Flip;0.023
7.20.2023;Retail Big Box Store;Fix and Flip;0.023
7.20.2023;Retail Big Box Store;Portable Homes;-0.068
7.20.2023;Retail Big Box Store;Sister Home Sellers;0.256
7.20.2023;Retail Big Box Store;Sister Home Sellers;0.256
7.20.2023;Retail Big Box Store;New Gal;-0.198
7.20.2023;Retail Big Box Store;Planet Hypothesis;0.152
7.20.2023;Retail Big Box Store;Planet Hypothesis;0.152
7.20.2023;Sport Utility VehiHealthy Fast Food Chainle Sales;See and Sold;0.325
7.20.2023;Sport Utility VehiHealthy Fast Food Chainle Sales;See and Sold;0.325
7.20.2023;Sport Utility VehiHealthy Fast Food Chainle Sales;Together Forever;-0.052
7.20.2023;Sport Utility VehiHealthy Fast Food Chainle Sales;Together Forever;-0.052
7.20.2023;Sport Utility VehiHealthy Fast Food Chainle Sales;Waltzing with the Famous;0.233
7.20.2023;Sport Utility VehiHealthy Fast Food Chainle Sales;Orlando Vice;0.086
7.20.2023;Sport Utility VehiHealthy Fast Food Chainle Sales;Orlando Vice;0.086
7.20.2023;Sport Utility VehiHealthy Fast Food Chainle Sales;Maui Five Ten;0.232
7.20.2023;Sport Utility VehiHealthy Fast Food Chainle Sales;Family Fraud;-0.022
7.20.2023;Sport Utility VehiHealthy Fast Food Chainle Sales;I Love Betty;-0.172
7.20.2023;Sport Utility VehiHealthy Fast Food Chainle Sales;Weird Flavors;0.329
7.20.2023;Sport Utility VehiHealthy Fast Food Chainle Sales;Weird Flavors;0.329
7.20.2023;Sport Utility VehiHealthy Fast Food Chainle Sales;Hot Air Balloon Cruises;0.235
7.20.2023;Sport Utility VehiHealthy Fast Food Chainle Sales;Hot Air Balloon Cruises;0.235
7.20.2023;Sport Utility VehiHealthy Fast Food Chainle Sales;Tours of the Wild West;-0.032
7.20.2023;Sport Utility VehiHealthy Fast Food Chainle Sales;Tonight Tonight;0.09
7.20.2023;Sport Utility VehiHealthy Fast Food Chainle Sales;Late Hours;0.125
7.20.2023;Sport Utility VehiHealthy Fast Food Chainle Sales;Nightly News Stories;-0.003
7.20.2023;Sport Utility VehiHealthy Fast Food Chainle Sales;Fix and Flip;0.023
7.20.2023;Sport Utility VehiHealthy Fast Food Chainle Sales;Fix and Flip;0.023
7.20.2023;Sport Utility VehiHealthy Fast Food Chainle Sales;Portable Homes;-0.068
7.20.2023;Sport Utility VehiHealthy Fast Food Chainle Sales;Portable Homes;-0.068
7.20.2023;Sport Utility VehiHealthy Fast Food Chainle Sales;International Villas;0.17
7.20.2023;Sport Utility VehiHealthy Fast Food Chainle Sales;International Villas;0.17
7.20.2023;Sport Utility VehiHealthy Fast Food Chainle Sales;Sister Home Sellers;0.256
7.20.2023;Sport Utility VehiHealthy Fast Food Chainle Sales;Sister Home Sellers;0.256
7.20.2023;Sport Utility VehiHealthy Fast Food Chainle Sales;New Gal;-0.198
7.20.2023;Sport Utility VehiHealthy Fast Food Chainle Sales;Planet Hypothesis;0.152
7.20.2023;Sport Utility VehiHealthy Fast Food Chainle Sales;Planet Hypothesis;0.152
7.27.2023;Healthy Fast Food Chain;See and Sold;0.325
7.27.2023;Healthy Fast Food Chain;Together Forever;-0.052
7.27.2023;Healthy Fast Food Chain;Waltzing with the Famous;0.233
7.27.2023;Healthy Fast Food Chain;Orlando Vice;0.086
7.27.2023;Healthy Fast Food Chain;Maui Five Ten;0.232
7.27.2023;Healthy Fast Food Chain;Maui Five Ten;0.232
7.27.2023;Healthy Fast Food Chain;Weird Flavors;0.329
7.27.2023;Healthy Fast Food Chain;Weird Flavors;0.329
7.27.2023;Healthy Fast Food Chain;Tours of the Wild West;-0.032
7.27.2023;Healthy Fast Food Chain;Tours of the Wild West;-0.032
7.27.2023;Healthy Fast Food Chain;Tonight Tonight;0.09
7.27.2023;Healthy Fast Food Chain;Nightly News Stories;-0.003
7.27.2023;Healthy Fast Food Chain;Nightly News Stories;-0.003
7.27.2023;Healthy Fast Food Chain;Fix and Flip;0.023
7.27.2023;Healthy Fast Food Chain;Fix and Flip;0.023
7.27.2023;Healthy Fast Food Chain;Portable Homes;-0.068
7.27.2023;Healthy Fast Food Chain;Sister Home Sellers;0.256
7.27.2023;Healthy Fast Food Chain;Sister Home Sellers;0.256
7.27.2023;Healthy Fast Food Chain;New Gal;-0.198
7.27.2023;Healthy Fast Food Chain;Planet Hypothesis;0.152
7.27.2023;Healthy Fast Food Chain;Planet Hypothesis;0.152
7.27.2023;Popular Soft Drink;Portable Homes;-0.068
7.27.2023;Retail Big Box Store;Together Forever;-0.052
7.27.2023;Retail Big Box Store;Orlando Vice;0.086
7.27.2023;Retail Big Box Store;Orlando Vice;0.086
7.27.2023;Retail Big Box Store;Maui Five Ten;0.232
7.27.2023;Retail Big Box Store;Maui Five Ten;0.232
7.27.2023;Retail Big Box Store;Rescue Squad;0.417
7.27.2023;Retail Big Box Store;Family Fraud;-0.022
7.27.2023;Retail Big Box Store;Weird Flavors;0.329
7.27.2023;Retail Big Box Store;Tours of the Wild West;-0.032
7.27.2023;Retail Big Box Store;Tonight Tonight;0.09
7.27.2023;Retail Big Box Store;Tonight Tonight;0.09
7.27.2023;Retail Big Box Store;Late Hours;0.125
7.27.2023;Retail Big Box Store;Nightly News Stories;-0.003
7.27.2023;Retail Big Box Store;Fix and Flip;0.023
7.27.2023;Retail Big Box Store;Fix and Flip;0.023
7.27.2023;Retail Big Box Store;Portable Homes;-0.068
7.27.2023;Retail Big Box Store;Sister Home Sellers;0.256
7.27.2023;Retail Big Box Store;Sister Home Sellers;0.256
7.27.2023;Retail Big Box Store;New Gal;-0.198
7.27.2023;Retail Big Box Store;Planet Hypothesis;0.152
7.27.2023;Retail Big Box Store;Planet Hypothesis;0.152
7.27.2023;Sport Utility VehiHealthy Fast Food Chainle Sales;See and Sold;0.325
7.27.2023;Sport Utility VehiHealthy Fast Food Chainle Sales;Together Forever;-0.052
7.27.2023;Sport Utility VehiHealthy Fast Food Chainle Sales;Together Forever;-0.052
7.27.2023;Sport Utility VehiHealthy Fast Food Chainle Sales;Waltzing with the Famous;0.233
7.27.2023;Sport Utility VehiHealthy Fast Food Chainle Sales;Waltzing with the Famous;0.233
7.27.2023;Sport Utility VehiHealthy Fast Food Chainle Sales;Orlando Vice;0.086
7.27.2023;Sport Utility VehiHealthy Fast Food Chainle Sales;Orlando Vice;0.086
7.27.2023;Sport Utility VehiHealthy Fast Food Chainle Sales;Maui Five Ten;0.232
7.27.2023;Sport Utility VehiHealthy Fast Food Chainle Sales;Maui Five Ten;0.232
7.27.2023;Sport Utility VehiHealthy Fast Food Chainle Sales;Rescue Squad;0.417
7.27.2023;Sport Utility VehiHealthy Fast Food Chainle Sales;Family Fraud;-0.022
7.27.2023;Sport Utility VehiHealthy Fast Food Chainle Sales;I Love Betty;-0.172
7.27.2023;Sport Utility VehiHealthy Fast Food Chainle Sales;I Love Betty;-0.172
7.27.2023;Sport Utility VehiHealthy Fast Food Chainle Sales;Weird Flavors;0.329
7.27.2023;Sport Utility VehiHealthy Fast Food Chainle Sales;Hot Air Balloon Cruises;0.235
7.27.2023;Sport Utility VehiHealthy Fast Food Chainle Sales;Hot Air Balloon Cruises;0.235
7.27.2023;Sport Utility VehiHealthy Fast Food Chainle Sales;Tours of the Wild West;-0.032
7.27.2023;Sport Utility VehiHealthy Fast Food Chainle Sales;Tours of the Wild West;-0.032
7.27.2023;Sport Utility VehiHealthy Fast Food Chainle Sales;Tonight Tonight;0.09
7.27.2023;Sport Utility VehiHealthy Fast Food Chainle Sales;Nightly News Stories;-0.003
7.27.2023;Sport Utility VehiHealthy Fast Food Chainle Sales;Fix and Flip;0.023
7.27.2023;Sport Utility VehiHealthy Fast Food Chainle Sales;Fix and Flip;0.023
7.27.2023;Sport Utility VehiHealthy Fast Food Chainle Sales;Portable Homes;-0.068
7.27.2023;Sport Utility VehiHealthy Fast Food Chainle Sales;Portable Homes;-0.068
7.27.2023;Sport Utility VehiHealthy Fast Food Chainle Sales;International Villas;0.17
7.27.2023;Sport Utility VehiHealthy Fast Food Chainle Sales;International Villas;0.17
7.27.2023;Sport Utility VehiHealthy Fast Food Chainle Sales;Sister Home Sellers;0.256
7.27.2023;Sport Utility VehiHealthy Fast Food Chainle Sales;Sister Home Sellers;0.256
7.27.2023;Sport Utility VehiHealthy Fast Food Chainle Sales;New Gal;-0.198
7.27.2023;Sport Utility VehiHealthy Fast Food Chainle Sales;Planet Hypothesis;0.152
08.03.2023;Healthy Fast Food Chain;See and Sold;0.325
08.03.2023;Healthy Fast Food Chain;Together Forever;-0.052
08.03.2023;Healthy Fast Food Chain;Waltzing with the Famous;0.233
08.03.2023;Healthy Fast Food Chain;Orlando Vice;0.086
08.03.2023;Healthy Fast Food Chain;Orlando Vice;0.086
08.03.2023;Healthy Fast Food Chain;Maui Five Ten;0.232
08.03.2023;Healthy Fast Food Chain;Maui Five Ten;0.232
08.03.2023;Healthy Fast Food Chain;Weird Flavors;0.329
08.03.2023;Healthy Fast Food Chain;Weird Flavors;0.329
08.03.2023;Healthy Fast Food Chain;Hot Air Balloon Cruises;0.235
08.03.2023;Healthy Fast Food Chain;Tonight Tonight;0.09
08.03.2023;Healthy Fast Food Chain;Tonight Tonight;0.09
08.03.2023;Healthy Fast Food Chain;Nightly News Stories;-0.003
08.03.2023;Healthy Fast Food Chain;Nightly News Stories;-0.003
08.03.2023;Healthy Fast Food Chain;Fix and Flip;0.023
08.03.2023;Healthy Fast Food Chain;Fix and Flip;0.023
08.03.2023;Healthy Fast Food Chain;Portable Homes;-0.068
08.03.2023;Healthy Fast Food Chain;Sister Home Sellers;0.256
08.03.2023;Healthy Fast Food Chain;New Gal;-0.198
08.03.2023;Healthy Fast Food Chain;Planet Hypothesis;0.152
08.03.2023;Healthy Fast Food Chain;Planet Hypothesis;0.152
08.03.2023;Online Dating Site;Weird Flavors;0.329
08.03.2023;Popular Soft Drink;Portable Homes;-0.068
08.03.2023;Retail Big Box Store;See and Sold;0.325
08.03.2023;Retail Big Box Store;Together Forever;-0.052
08.03.2023;Retail Big Box Store;Together Forever;-0.052
08.03.2023;Retail Big Box Store;Orlando Vice;0.086
08.03.2023;Retail Big Box Store;Orlando Vice;0.086
08.03.2023;Retail Big Box Store;Maui Five Ten;0.232
08.03.2023;Retail Big Box Store;Maui Five Ten;0.232
08.03.2023;Retail Big Box Store;Rescue Squad;0.417
08.03.2023;Retail Big Box Store;Family Fraud;-0.022
08.03.2023;Retail Big Box Store;I Love Betty;-0.172
08.03.2023;Retail Big Box Store;Weird Flavors;0.329
08.03.2023;Retail Big Box Store;Tonight Tonight;0.09
08.03.2023;Retail Big Box Store;Tonight Tonight;0.09
08.03.2023;Retail Big Box Store;Late Hours;0.125
08.03.2023;Retail Big Box Store;Nightly News Stories;-0.003
08.03.2023;Retail Big Box Store;Fix and Flip;0.023
08.03.2023;Retail Big Box Store;Fix and Flip;0.023
08.03.2023;Retail Big Box Store;Portable Homes;-0.068
08.03.2023;Retail Big Box Store;International Villas;0.17
08.03.2023;Retail Big Box Store;International Villas;0.17
08.03.2023;Retail Big Box Store;Sister Home Sellers;0.256
08.03.2023;Retail Big Box Store;Sister Home Sellers;0.256
08.03.2023;Retail Big Box Store;New Gal;-0.198
08.03.2023;Retail Big Box Store;Planet Hypothesis;0.152
08.03.2023;Retail Big Box Store;Planet Hypothesis;0.152
08.03.2023;Sport Utility VehiHealthy Fast Food Chainle Sales;See and Sold;0.325
08.03.2023;Sport Utility VehiHealthy Fast Food Chainle Sales;See and Sold;0.325
08.03.2023;Sport Utility VehiHealthy Fast Food Chainle Sales;Together Forever;-0.052
08.03.2023;Sport Utility VehiHealthy Fast Food Chainle Sales;Together Forever;-0.052
08.03.2023;Sport Utility VehiHealthy Fast Food Chainle Sales;Waltzing with the Famous;0.233
08.03.2023;Sport Utility VehiHealthy Fast Food Chainle Sales;Waltzing with the Famous;0.233
08.03.2023;Sport Utility VehiHealthy Fast Food Chainle Sales;Orlando Vice;0.086
08.03.2023;Sport Utility VehiHealthy Fast Food Chainle Sales;Orlando Vice;0.086
08.03.2023;Sport Utility VehiHealthy Fast Food Chainle Sales;Maui Five Ten;0.232
08.03.2023;Sport Utility VehiHealthy Fast Food Chainle Sales;Maui Five Ten;0.232
08.03.2023;Sport Utility VehiHealthy Fast Food Chainle Sales;Family Fraud;-0.022
08.03.2023;Sport Utility VehiHealthy Fast Food Chainle Sales;I Love Betty;-0.172
08.03.2023;Sport Utility VehiHealthy Fast Food Chainle Sales;Weird Flavors;0.329
08.03.2023;Sport Utility VehiHealthy Fast Food Chainle Sales;Weird Flavors;0.329
08.03.2023;Sport Utility VehiHealthy Fast Food Chainle Sales;Hot Air Balloon Cruises;0.235
08.03.2023;Sport Utility VehiHealthy Fast Food Chainle Sales;Hot Air Balloon Cruises;0.235
08.03.2023;Sport Utility VehiHealthy Fast Food Chainle Sales;Nightly News Stories;-0.003
08.03.2023;Sport Utility VehiHealthy Fast Food Chainle Sales;Fix and Flip;0.023
08.03.2023;Sport Utility VehiHealthy Fast Food Chainle Sales;Fix and Flip;0.023
08.03.2023;Sport Utility VehiHealthy Fast Food Chainle Sales;Portable Homes;-0.068
08.03.2023;Sport Utility VehiHealthy Fast Food Chainle Sales;Portable Homes;-0.068
08.03.2023;Sport Utility VehiHealthy Fast Food Chainle Sales;International Villas;0.17
08.03.2023;Sport Utility VehiHealthy Fast Food Chainle Sales;International Villas;0.17
08.03.2023;Sport Utility VehiHealthy Fast Food Chainle Sales;Sister Home Sellers;0.256
08.03.2023;Sport Utility VehiHealthy Fast Food Chainle Sales;Sister Home Sellers;0.256
08.03.2023;Sport Utility VehiHealthy Fast Food Chainle Sales;New Gal;-0.198
08.03.2023;Sport Utility VehiHealthy Fast Food Chainle Sales;New Gal;-0.198
08.03.2023;Sport Utility VehiHealthy Fast Food Chainle Sales;Planet Hypothesis;0.152
08.03.2023;Sport Utility VehiHealthy Fast Food Chainle Sales;Planet Hypothesis;0.152
08.10.2023;Healthy Fast Food Chain;See and Sold;0.325
08.10.2023;Healthy Fast Food Chain;Waltzing with the Famous;0.233
08.10.2023;Healthy Fast Food Chain;Waltzing with the Famous;0.233
08.10.2023;Healthy Fast Food Chain;Orlando Vice;0.086
08.10.2023;Healthy Fast Food Chain;Orlando Vice;0.086
08.10.2023;Healthy Fast Food Chain;Maui Five Ten;0.232
08.10.2023;Healthy Fast Food Chain;Maui Five Ten;0.232
08.10.2023;Healthy Fast Food Chain;Weird Flavors;0.329
08.10.2023;Healthy Fast Food Chain;Weird Flavors;0.329
08.10.2023;Healthy Fast Food Chain;Hot Air Balloon Cruises;0.235
08.10.2023;Healthy Fast Food Chain;Tonight Tonight;0.09
08.10.2023;Healthy Fast Food Chain;Tonight Tonight;0.09
08.10.2023;Healthy Fast Food Chain;Nightly News Stories;-0.003
08.10.2023;Healthy Fast Food Chain;Nightly News Stories;-0.003
08.10.2023;Healthy Fast Food Chain;Fix and Flip;0.023
08.10.2023;Healthy Fast Food Chain;Fix and Flip;0.023
08.10.2023;Healthy Fast Food Chain;Daybreak Dish;-0.036
08.10.2023;Healthy Fast Food Chain;Portable Homes;-0.068
08.10.2023;Healthy Fast Food Chain;Sister Home Sellers;0.256
08.10.2023;Healthy Fast Food Chain;Sister Home Sellers;0.256
08.10.2023;Healthy Fast Food Chain;New Gal;-0.198
08.10.2023;Healthy Fast Food Chain;New Gal;-0.198
08.10.2023;Healthy Fast Food Chain;Planet Hypothesis;0.152
08.10.2023;Healthy Fast Food Chain;Planet Hypothesis;0.152
08.10.2023;Popular Soft Drink;Fix and Flip;0.023
08.10.2023;Retail Big Box Store;See and Sold;0.325
08.10.2023;Retail Big Box Store;Together Forever;-0.052
08.10.2023;Retail Big Box Store;Orlando Vice;0.086
08.10.2023;Retail Big Box Store;Orlando Vice;0.086
08.10.2023;Retail Big Box Store;Maui Five Ten;0.232
08.10.2023;Retail Big Box Store;Rescue Squad;0.417
08.10.2023;Retail Big Box Store;Family Fraud;-0.022
08.10.2023;Retail Big Box Store;Weird Flavors;0.329
08.10.2023;Retail Big Box Store;Tonight Tonight;0.09
08.10.2023;Retail Big Box Store;Tonight Tonight;0.09
08.10.2023;Retail Big Box Store;Late Hours;0.125
08.10.2023;Retail Big Box Store;Nightly News Stories;-0.003
08.10.2023;Retail Big Box Store;Fix and Flip;0.023
08.10.2023;Retail Big Box Store;Fix and Flip;0.023
08.10.2023;Retail Big Box Store;Portable Homes;-0.068
08.10.2023;Retail Big Box Store;International Villas;0.17
08.10.2023;Retail Big Box Store;Sister Home Sellers;0.256
08.10.2023;Retail Big Box Store;Sister Home Sellers;0.256
08.10.2023;Retail Big Box Store;New Gal;-0.198
08.10.2023;Retail Big Box Store;Planet Hypothesis;0.152
08.10.2023;Retail Big Box Store;Planet Hypothesis;0.152
08.10.2023;Sport Utility VehiHealthy Fast Food Chainle Sales;See and Sold;0.325
08.10.2023;Sport Utility VehiHealthy Fast Food Chainle Sales;Together Forever;-0.052
08.10.2023;Sport Utility VehiHealthy Fast Food Chainle Sales;Together Forever;-0.052
08.10.2023;Sport Utility VehiHealthy Fast Food Chainle Sales;Waltzing with the Famous;0.233
08.10.2023;Sport Utility VehiHealthy Fast Food Chainle Sales;Waltzing with the Famous;0.233
08.10.2023;Sport Utility VehiHealthy Fast Food Chainle Sales;Orlando Vice;0.086
08.10.2023;Sport Utility VehiHealthy Fast Food Chainle Sales;Orlando Vice;0.086
08.10.2023;Sport Utility VehiHealthy Fast Food Chainle Sales;Maui Five Ten;0.232
08.10.2023;Sport Utility VehiHealthy Fast Food Chainle Sales;Maui Five Ten;0.232
08.10.2023;Sport Utility VehiHealthy Fast Food Chainle Sales;Rescue Squad;0.417
08.10.2023;Sport Utility VehiHealthy Fast Food Chainle Sales;Family Fraud;-0.022
08.10.2023;Sport Utility VehiHealthy Fast Food Chainle Sales;Hot Air Balloon Cruises;0.235
08.10.2023;Sport Utility VehiHealthy Fast Food Chainle Sales;Hot Air Balloon Cruises;0.235
08.10.2023;Sport Utility VehiHealthy Fast Food Chainle Sales;Tonight Tonight;0.09
08.10.2023;Sport Utility VehiHealthy Fast Food Chainle Sales;Nightly News Stories;-0.003
08.10.2023;Sport Utility VehiHealthy Fast Food Chainle Sales;Nightly News Stories;-0.003
08.10.2023;Sport Utility VehiHealthy Fast Food Chainle Sales;Fix and Flip;0.023
08.10.2023;Sport Utility VehiHealthy Fast Food Chainle Sales;Fix and Flip;0.023
08.10.2023;Sport Utility VehiHealthy Fast Food Chainle Sales;Daybreak Dish;-0.036
08.10.2023;Sport Utility VehiHealthy Fast Food Chainle Sales;Portable Homes;-0.068
08.10.2023;Sport Utility VehiHealthy Fast Food Chainle Sales;Portable Homes;-0.068
08.10.2023;Sport Utility VehiHealthy Fast Food Chainle Sales;International Villas;0.17
08.10.2023;Sport Utility VehiHealthy Fast Food Chainle Sales;International Villas;0.17
08.10.2023;Sport Utility VehiHealthy Fast Food Chainle Sales;Sister Home Sellers;0.256
08.10.2023;Sport Utility VehiHealthy Fast Food Chainle Sales;Sister Home Sellers;0.256
08.10.2023;Sport Utility VehiHealthy Fast Food Chainle Sales;New Gal;-0.198
08.10.2023;Sport Utility VehiHealthy Fast Food Chainle Sales;Planet Hypothesis;0.152
08.10.2023;Sport Utility VehiHealthy Fast Food Chainle Sales;Planet Hypothesis;0.152
8.17.2023;Healthy Fast Food Chain;See and Sold;0.325
8.17.2023;Healthy Fast Food Chain;Waltzing with the Famous;0.233
8.17.2023;Healthy Fast Food Chain;Waltzing with the Famous;0.233
8.17.2023;Healthy Fast Food Chain;Orlando Vice;0.086
8.17.2023;Healthy Fast Food Chain;Maui Five Ten;0.232
8.17.2023;Healthy Fast Food Chain;Weird Flavors;0.329
8.17.2023;Healthy Fast Food Chain;Hot Air Balloon Cruises;0.235
8.17.2023;Healthy Fast Food Chain;Tonight Tonight;0.09
8.17.2023;Healthy Fast Food Chain;Tonight Tonight;0.09
8.17.2023;Healthy Fast Food Chain;Nightly News Stories;-0.003
8.17.2023;Healthy Fast Food Chain;Nightly News Stories;-0.003
8.17.2023;Healthy Fast Food Chain;Fix and Flip;0.023
8.17.2023;Healthy Fast Food Chain;Fix and Flip;0.023
8.17.2023;Healthy Fast Food Chain;Daybreak Dish;-0.036
8.17.2023;Healthy Fast Food Chain;Portable Homes;-0.068
8.17.2023;Healthy Fast Food Chain;International Villas;0.17
8.17.2023;Healthy Fast Food Chain;Sister Home Sellers;0.256
8.17.2023;Healthy Fast Food Chain;New Gal;-0.198
8.17.2023;Healthy Fast Food Chain;New Gal;-0.198
8.17.2023;Healthy Fast Food Chain;Planet Hypothesis;0.152
8.17.2023;Healthy Fast Food Chain;Planet Hypothesis;0.152
8.17.2023;Popular Soft Drink;Portable Homes;-0.068
8.17.2023;Retail Big Box Store;Together Forever;-0.052
8.17.2023;Retail Big Box Store;Together Forever;-0.052
8.17.2023;Retail Big Box Store;Orlando Vice;0.086
8.17.2023;Retail Big Box Store;Orlando Vice;0.086
8.17.2023;Retail Big Box Store;Maui Five Ten;0.232
8.17.2023;Retail Big Box Store;Maui Five Ten;0.232
8.17.2023;Retail Big Box Store;Rescue Squad;0.417
8.17.2023;Retail Big Box Store;Family Fraud;-0.022
8.17.2023;Retail Big Box Store;Weird Flavors;0.329
8.17.2023;Retail Big Box Store;Weird Flavors;0.329
8.17.2023;Retail Big Box Store;Tonight Tonight;0.09
8.17.2023;Retail Big Box Store;Tonight Tonight;0.09
8.17.2023;Retail Big Box Store;Late Hours;0.125
8.17.2023;Retail Big Box Store;Fix and Flip;0.023
8.17.2023;Retail Big Box Store;Fix and Flip;0.023
8.17.2023;Retail Big Box Store;Sister Home Sellers;0.256
8.17.2023;Retail Big Box Store;Sister Home Sellers;0.256
8.17.2023;Retail Big Box Store;New Gal;-0.198
8.17.2023;Retail Big Box Store;Planet Hypothesis;0.152
8.17.2023;Retail Big Box Store;Planet Hypothesis;0.152
8.17.2023;Sport Utility VehiHealthy Fast Food Chainle Sales;See and Sold;0.325
8.17.2023;Sport Utility VehiHealthy Fast Food Chainle Sales;See and Sold;0.325
8.17.2023;Sport Utility VehiHealthy Fast Food Chainle Sales;Together Forever;-0.052
8.17.2023;Sport Utility VehiHealthy Fast Food Chainle Sales;Together Forever;-0.052
8.17.2023;Sport Utility VehiHealthy Fast Food Chainle Sales;Waltzing with the Famous;0.233
8.17.2023;Sport Utility VehiHealthy Fast Food Chainle Sales;Orlando Vice;0.086
8.17.2023;Sport Utility VehiHealthy Fast Food Chainle Sales;Orlando Vice;0.086
8.17.2023;Sport Utility VehiHealthy Fast Food Chainle Sales;Maui Five Ten;0.232
8.17.2023;Sport Utility VehiHealthy Fast Food Chainle Sales;Maui Five Ten;0.232
8.17.2023;Sport Utility VehiHealthy Fast Food Chainle Sales;Rescue Squad;0.417
8.17.2023;Sport Utility VehiHealthy Fast Food Chainle Sales;Rescue Squad;0.417
8.17.2023;Sport Utility VehiHealthy Fast Food Chainle Sales;Family Fraud;-0.022
8.17.2023;Sport Utility VehiHealthy Fast Food Chainle Sales;I Love Betty;-0.172
8.17.2023;Sport Utility VehiHealthy Fast Food Chainle Sales;I Love Betty;-0.172
8.17.2023;Sport Utility VehiHealthy Fast Food Chainle Sales;Weird Flavors;0.329
8.17.2023;Sport Utility VehiHealthy Fast Food Chainle Sales;Hot Air Balloon Cruises;0.235
8.17.2023;Sport Utility VehiHealthy Fast Food Chainle Sales;Hot Air Balloon Cruises;0.235
8.17.2023;Sport Utility VehiHealthy Fast Food Chainle Sales;Tonight Tonight;0.09
8.17.2023;Sport Utility VehiHealthy Fast Food Chainle Sales;Late Hours;0.125
8.17.2023;Sport Utility VehiHealthy Fast Food Chainle Sales;Nightly News Stories;-0.003
8.17.2023;Sport Utility VehiHealthy Fast Food Chainle Sales;Nightly News Stories;-0.003
8.17.2023;Sport Utility VehiHealthy Fast Food Chainle Sales;Fix and Flip;0.023
8.17.2023;Sport Utility VehiHealthy Fast Food Chainle Sales;Fix and Flip;0.023
8.17.2023;Sport Utility VehiHealthy Fast Food Chainle Sales;Daybreak Dish;-0.036
8.17.2023;Sport Utility VehiHealthy Fast Food Chainle Sales;Portable Homes;-0.068
8.17.2023;Sport Utility VehiHealthy Fast Food Chainle Sales;Portable Homes;-0.068
8.17.2023;Sport Utility VehiHealthy Fast Food Chainle Sales;International Villas;0.17
8.17.2023;Sport Utility VehiHealthy Fast Food Chainle Sales;International Villas;0.17
8.17.2023;Sport Utility VehiHealthy Fast Food Chainle Sales;Sister Home Sellers;0.256
8.17.2023;Sport Utility VehiHealthy Fast Food Chainle Sales;Sister Home Sellers;0.256
8.17.2023;Sport Utility VehiHealthy Fast Food Chainle Sales;New Gal;-0.198
8.17.2023;Sport Utility VehiHealthy Fast Food Chainle Sales;Planet Hypothesis;0.152
8.17.2023;Sport Utility VehiHealthy Fast Food Chainle Sales;Planet Hypothesis;0.152
8.24.2023;Healthy Fast Food Chain;See and Sold;0.325
8.24.2023;Healthy Fast Food Chain;Waltzing with the Famous;0.233
8.24.2023;Healthy Fast Food Chain;Waltzing with the Famous;0.233
8.24.2023;Healthy Fast Food Chain;Orlando Vice;0.086
8.24.2023;Healthy Fast Food Chain;Orlando Vice;0.086
8.24.2023;Healthy Fast Food Chain;Maui Five Ten;0.232
8.24.2023;Healthy Fast Food Chain;Hot Air Balloon Cruises;0.235
8.24.2023;Healthy Fast Food Chain;Tonight Tonight;0.09
8.24.2023;Healthy Fast Food Chain;Late Hours;0.125
8.24.2023;Healthy Fast Food Chain;Nightly News Stories;-0.003
8.24.2023;Healthy Fast Food Chain;Nightly News Stories;-0.003
8.24.2023;Healthy Fast Food Chain;Fix and Flip;0.023
8.24.2023;Healthy Fast Food Chain;Fix and Flip;0.023
8.24.2023;Healthy Fast Food Chain;Portable Homes;-0.068
8.24.2023;Healthy Fast Food Chain;International Villas;0.17
8.24.2023;Healthy Fast Food Chain;Sister Home Sellers;0.256
8.24.2023;Healthy Fast Food Chain;New Gal;-0.198
8.24.2023;Healthy Fast Food Chain;Planet Hypothesis;0.152
8.24.2023;Healthy Fast Food Chain;Planet Hypothesis;0.152
8.24.2023;Popular Soft Drink;Portable Homes;-0.068
8.24.2023;Retail Big Box Store;See and Sold;0.325
8.24.2023;Retail Big Box Store;Together Forever;-0.052
8.24.2023;Retail Big Box Store;Together Forever;-0.052
8.24.2023;Retail Big Box Store;Waltzing with the Famous;0.233
8.24.2023;Retail Big Box Store;Orlando Vice;0.086
8.24.2023;Retail Big Box Store;Orlando Vice;0.086
8.24.2023;Retail Big Box Store;Maui Five Ten;0.232
8.24.2023;Retail Big Box Store;Rescue Squad;0.417
8.24.2023;Retail Big Box Store;Family Fraud;-0.022
8.24.2023;Retail Big Box Store;Tonight Tonight;0.09
8.24.2023;Retail Big Box Store;Tonight Tonight;0.09
8.24.2023;Retail Big Box Store;Late Hours;0.125
8.24.2023;Retail Big Box Store;Nightly News Stories;-0.003
8.24.2023;Retail Big Box Store;Fix and Flip;0.023
8.24.2023;Retail Big Box Store;Fix and Flip;0.023
8.24.2023;Retail Big Box Store;International Villas;0.17
8.24.2023;Retail Big Box Store;International Villas;0.17
8.24.2023;Retail Big Box Store;Sister Home Sellers;0.256
8.24.2023;Retail Big Box Store;Sister Home Sellers;0.256
8.24.2023;Retail Big Box Store;New Gal;-0.198
8.24.2023;Retail Big Box Store;New Gal;-0.198
8.24.2023;Retail Big Box Store;Planet Hypothesis;0.152
8.24.2023;Retail Big Box Store;Planet Hypothesis;0.152
8.24.2023;Sport Utility VehiHealthy Fast Food Chainle Sales;See and Sold;0.325
8.24.2023;Sport Utility VehiHealthy Fast Food Chainle Sales;Together Forever;-0.052
8.24.2023;Sport Utility VehiHealthy Fast Food Chainle Sales;Together Forever;-0.052
8.24.2023;Sport Utility VehiHealthy Fast Food Chainle Sales;Waltzing with the Famous;0.233
8.24.2023;Sport Utility VehiHealthy Fast Food Chainle Sales;Waltzing with the Famous;0.233
8.24.2023;Sport Utility VehiHealthy Fast Food Chainle Sales;Orlando Vice;0.086
8.24.2023;Sport Utility VehiHealthy Fast Food Chainle Sales;Orlando Vice;0.086
8.24.2023;Sport Utility VehiHealthy Fast Food Chainle Sales;Maui Five Ten;0.232
8.24.2023;Sport Utility VehiHealthy Fast Food Chainle Sales;Rescue Squad;0.417
8.24.2023;Sport Utility VehiHealthy Fast Food Chainle Sales;Family Fraud;-0.022
8.24.2023;Sport Utility VehiHealthy Fast Food Chainle Sales;I Love Betty;-0.172
8.24.2023;Sport Utility VehiHealthy Fast Food Chainle Sales;I Love Betty;-0.172
8.24.2023;Sport Utility VehiHealthy Fast Food Chainle Sales;Hot Air Balloon Cruises;0.235
8.24.2023;Sport Utility VehiHealthy Fast Food Chainle Sales;Hot Air Balloon Cruises;0.235
8.24.2023;Sport Utility VehiHealthy Fast Food Chainle Sales;Tonight Tonight;0.09
8.24.2023;Sport Utility VehiHealthy Fast Food Chainle Sales;Late Hours;0.125
8.24.2023;Sport Utility VehiHealthy Fast Food Chainle Sales;Nightly News Stories;-0.003
8.24.2023;Sport Utility VehiHealthy Fast Food Chainle Sales;Nightly News Stories;-0.003
8.24.2023;Sport Utility VehiHealthy Fast Food Chainle Sales;Fix and Flip;0.023
8.24.2023;Sport Utility VehiHealthy Fast Food Chainle Sales;Fix and Flip;0.023
8.24.2023;Sport Utility VehiHealthy Fast Food Chainle Sales;Portable Homes;-0.068
8.24.2023;Sport Utility VehiHealthy Fast Food Chainle Sales;Portable Homes;-0.068
8.24.2023;Sport Utility VehiHealthy Fast Food Chainle Sales;International Villas;0.17
8.24.2023;Sport Utility VehiHealthy Fast Food Chainle Sales;International Villas;0.17
8.24.2023;Sport Utility VehiHealthy Fast Food Chainle Sales;Sister Home Sellers;0.256
8.24.2023;Sport Utility VehiHealthy Fast Food Chainle Sales;Sister Home Sellers;0.256
8.24.2023;Sport Utility VehiHealthy Fast Food Chainle Sales;New Gal;-0.198
8.24.2023;Sport Utility VehiHealthy Fast Food Chainle Sales;Planet Hypothesis;0.152
8.24.2023;Sport Utility VehiHealthy Fast Food Chainle Sales;Planet Hypothesis;0.152
8.31.2023;Healthy Fast Food Chain;See and Sold;0.325
8.31.2023;Healthy Fast Food Chain;Waltzing with the Famous;0.233
8.31.2023;Healthy Fast Food Chain;Waltzing with the Famous;0.233
8.31.2023;Healthy Fast Food Chain;Orlando Vice;0.086
8.31.2023;Healthy Fast Food Chain;Orlando Vice;0.086
8.31.2023;Healthy Fast Food Chain;Maui Five Ten;0.232
8.31.2023;Healthy Fast Food Chain;Tonight Tonight;0.09
8.31.2023;Healthy Fast Food Chain;Nightly News Stories;-0.003
8.31.2023;Healthy Fast Food Chain;Nightly News Stories;-0.003
8.31.2023;Healthy Fast Food Chain;Fix and Flip;0.023
8.31.2023;Healthy Fast Food Chain;Fix and Flip;0.023
8.31.2023;Healthy Fast Food Chain;Portable Homes;-0.068
8.31.2023;Healthy Fast Food Chain;International Villas;0.17
8.31.2023;Healthy Fast Food Chain;Sister Home Sellers;0.256
8.31.2023;Healthy Fast Food Chain;New Gal;-0.198
8.31.2023;Healthy Fast Food Chain;Planet Hypothesis;0.152
8.31.2023;Healthy Fast Food Chain;Planet Hypothesis;0.152
8.31.2023;Retail Big Box Store;See and Sold;0.325
8.31.2023;Retail Big Box Store;Together Forever;-0.052
8.31.2023;Retail Big Box Store;Orlando Vice;0.086
8.31.2023;Retail Big Box Store;Orlando Vice;0.086
8.31.2023;Retail Big Box Store;Maui Five Ten;0.232
8.31.2023;Retail Big Box Store;Maui Five Ten;0.232
8.31.2023;Retail Big Box Store;Rescue Squad;0.417
8.31.2023;Retail Big Box Store;Family Fraud;-0.022
8.31.2023;Retail Big Box Store;The Young and the Reckless;-0.178
8.31.2023;Retail Big Box Store;The Young and the Reckless;-0.178
8.31.2023;Retail Big Box Store;Tonight Tonight;0.09
8.31.2023;Retail Big Box Store;Late Hours;0.125
8.31.2023;Retail Big Box Store;Nightly News Stories;-0.003
8.31.2023;Retail Big Box Store;Fix and Flip;0.023
8.31.2023;Retail Big Box Store;Fix and Flip;0.023
8.31.2023;Retail Big Box Store;Portable Homes;-0.068
8.31.2023;Retail Big Box Store;International Villas;0.17
8.31.2023;Retail Big Box Store;Sister Home Sellers;0.256
8.31.2023;Retail Big Box Store;Sister Home Sellers;0.256
8.31.2023;Retail Big Box Store;New Gal;-0.198
8.31.2023;Retail Big Box Store;Planet Hypothesis;0.152
8.31.2023;Retail Big Box Store;Planet Hypothesis;0.152
8.31.2023;Sport Utility VehiHealthy Fast Food Chainle Sales;Together Forever;-0.052
8.31.2023;Sport Utility VehiHealthy Fast Food Chainle Sales;Waltzing with the Famous;0.233
8.31.2023;Sport Utility VehiHealthy Fast Food Chainle Sales;Waltzing with the Famous;0.233
8.31.2023;Sport Utility VehiHealthy Fast Food Chainle Sales;Orlando Vice;0.086
8.31.2023;Sport Utility VehiHealthy Fast Food Chainle Sales;Orlando Vice;0.086
8.31.2023;Sport Utility VehiHealthy Fast Food Chainle Sales;Maui Five Ten;0.232
8.31.2023;Sport Utility VehiHealthy Fast Food Chainle Sales;Rescue Squad;0.417
8.31.2023;Sport Utility VehiHealthy Fast Food Chainle Sales;Family Fraud;-0.022
8.31.2023;Sport Utility VehiHealthy Fast Food Chainle Sales;I Love Betty;-0.172
8.31.2023;Sport Utility VehiHealthy Fast Food Chainle Sales;Hot Air Balloon Cruises;0.235
8.31.2023;Sport Utility VehiHealthy Fast Food Chainle Sales;Hot Air Balloon Cruises;0.235
8.31.2023;Sport Utility VehiHealthy Fast Food Chainle Sales;The Young and the Reckless;-0.178
8.31.2023;Sport Utility VehiHealthy Fast Food Chainle Sales;Tonight Tonight;0.09
8.31.2023;Sport Utility VehiHealthy Fast Food Chainle Sales;Late Hours;0.125
8.31.2023;Sport Utility VehiHealthy Fast Food Chainle Sales;Nightly News Stories;-0.003
8.31.2023;Sport Utility VehiHealthy Fast Food Chainle Sales;Nightly News Stories;-0.003
8.31.2023;Sport Utility VehiHealthy Fast Food Chainle Sales;Fix and Flip;0.023
8.31.2023;Sport Utility VehiHealthy Fast Food Chainle Sales;Fix and Flip;0.023
8.31.2023;Sport Utility VehiHealthy Fast Food Chainle Sales;Portable Homes;-0.068
8.31.2023;Sport Utility VehiHealthy Fast Food Chainle Sales;Portable Homes;-0.068
8.31.2023;Sport Utility VehiHealthy Fast Food Chainle Sales;International Villas;0.17
8.31.2023;Sport Utility VehiHealthy Fast Food Chainle Sales;Sister Home Sellers;0.256
8.31.2023;Sport Utility VehiHealthy Fast Food Chainle Sales;Sister Home Sellers;0.256
8.31.2023;Sport Utility VehiHealthy Fast Food Chainle Sales;New Gal;-0.198
8.31.2023;Sport Utility VehiHealthy Fast Food Chainle Sales;Planet Hypothesis;0.152
8.31.2023;Sport Utility VehiHealthy Fast Food Chainle Sales;Planet Hypothesis;0.152
09.07.2023;Healthy Fast Food Chain;Waltzing with the Famous;0.233
09.07.2023;Healthy Fast Food Chain;Waltzing with the Famous;0.233
09.07.2023;Healthy Fast Food Chain;Orlando Vice;0.086
09.07.2023;Healthy Fast Food Chain;Maui Five Ten;0.232
09.07.2023;Healthy Fast Food Chain;Nightly News Stories;-0.003
09.07.2023;Healthy Fast Food Chain;Nightly News Stories;-0.003
09.07.2023;Healthy Fast Food Chain;Fix and Flip;0.023
09.07.2023;Healthy Fast Food Chain;Fix and Flip;0.023
09.07.2023;Healthy Fast Food Chain;Portable Homes;-0.068
09.07.2023;Healthy Fast Food Chain;New Gal;-0.198
09.07.2023;Healthy Fast Food Chain;New Gal;-0.198
09.07.2023;Healthy Fast Food Chain;Planet Hypothesis;0.152
09.07.2023;Popular Soft Drink;Fix and Flip;0.023
09.07.2023;Popular Soft Drink;Portable Homes;-0.068
09.07.2023;Popular Soft Drink;Sister Home Sellers;0.256
09.07.2023;Retail Big Box Store;Together Forever;-0.052
09.07.2023;Retail Big Box Store;Together Forever;-0.052
09.07.2023;Retail Big Box Store;Waltzing with the Famous;0.233
09.07.2023;Retail Big Box Store;Waltzing with the Famous;0.233
09.07.2023;Retail Big Box Store;Orlando Vice;0.086
09.07.2023;Retail Big Box Store;Orlando Vice;0.086
09.07.2023;Retail Big Box Store;Maui Five Ten;0.232
09.07.2023;Retail Big Box Store;Maui Five Ten;0.232
09.07.2023;Retail Big Box Store;Rescue Squad;0.417
09.07.2023;Retail Big Box Store;Family Fraud;-0.022
09.07.2023;Retail Big Box Store;The Young and the Reckless;-0.178
09.07.2023;Retail Big Box Store;The Young and the Reckless;-0.178
09.07.2023;Retail Big Box Store;Tonight Tonight;0.09
09.07.2023;Retail Big Box Store;Tonight Tonight;0.09
09.07.2023;Retail Big Box Store;Late Hours;0.125
09.07.2023;Retail Big Box Store;Nightly News Stories;-0.003
09.07.2023;Retail Big Box Store;Fix and Flip;0.023
09.07.2023;Retail Big Box Store;Fix and Flip;0.023
09.07.2023;Retail Big Box Store;Portable Homes;-0.068
09.07.2023;Retail Big Box Store;International Villas;0.17
09.07.2023;Retail Big Box Store;International Villas;0.17
09.07.2023;Retail Big Box Store;Sister Home Sellers;0.256
09.07.2023;Retail Big Box Store;Sister Home Sellers;0.256
09.07.2023;Retail Big Box Store;New Gal;-0.198
09.07.2023;Retail Big Box Store;Planet Hypothesis;0.152
09.07.2023;Retail Big Box Store;Planet Hypothesis;0.152
09.07.2023;Sport Utility VehiHealthy Fast Food Chainle Sales;Together Forever;-0.052
09.07.2023;Sport Utility VehiHealthy Fast Food Chainle Sales;Waltzing with the Famous;0.233
09.07.2023;Sport Utility VehiHealthy Fast Food Chainle Sales;Waltzing with the Famous;0.233
09.07.2023;Sport Utility VehiHealthy Fast Food Chainle Sales;Orlando Vice;0.086
09.07.2023;Sport Utility VehiHealthy Fast Food Chainle Sales;Orlando Vice;0.086
09.07.2023;Sport Utility VehiHealthy Fast Food Chainle Sales;Maui Five Ten;0.232
09.07.2023;Sport Utility VehiHealthy Fast Food Chainle Sales;Rescue Squad;0.417
09.07.2023;Sport Utility VehiHealthy Fast Food Chainle Sales;Family Fraud;-0.022
09.07.2023;Sport Utility VehiHealthy Fast Food Chainle Sales;I Love Betty;-0.172
09.07.2023;Sport Utility VehiHealthy Fast Food Chainle Sales;Hot Air Balloon Cruises;0.235
09.07.2023;Sport Utility VehiHealthy Fast Food Chainle Sales;Hot Air Balloon Cruises;0.235
09.07.2023;Sport Utility VehiHealthy Fast Food Chainle Sales;The Young and the Reckless;-0.178
09.07.2023;Sport Utility VehiHealthy Fast Food Chainle Sales;Tonight Tonight;0.09
09.07.2023;Sport Utility VehiHealthy Fast Food Chainle Sales;Late Hours;0.125
09.07.2023;Sport Utility VehiHealthy Fast Food Chainle Sales;Nightly News Stories;-0.003
09.07.2023;Sport Utility VehiHealthy Fast Food Chainle Sales;Nightly News Stories;-0.003
09.07.2023;Sport Utility VehiHealthy Fast Food Chainle Sales;Fix and Flip;0.023
09.07.2023;Sport Utility VehiHealthy Fast Food Chainle Sales;Fix and Flip;0.023
09.07.2023;Sport Utility VehiHealthy Fast Food Chainle Sales;Portable Homes;-0.068
09.07.2023;Sport Utility VehiHealthy Fast Food Chainle Sales;Portable Homes;-0.068
09.07.2023;Sport Utility VehiHealthy Fast Food Chainle Sales;International Villas;0.17
09.07.2023;Sport Utility VehiHealthy Fast Food Chainle Sales;International Villas;0.17
09.07.2023;Sport Utility VehiHealthy Fast Food Chainle Sales;Sister Home Sellers;0.256
09.07.2023;Sport Utility VehiHealthy Fast Food Chainle Sales;Sister Home Sellers;0.256
09.07.2023;Sport Utility VehiHealthy Fast Food Chainle Sales;New Gal;-0.198
09.07.2023;Sport Utility VehiHealthy Fast Food Chainle Sales;New Gal;-0.198
09.07.2023;Sport Utility VehiHealthy Fast Food Chainle Sales;Planet Hypothesis;0.152
9.14.2023;Healthy Fast Food Chain;Together Forever;-0.052
9.14.2023;Healthy Fast Food Chain;Together Forever;-0.052
9.14.2023;Healthy Fast Food Chain;Waltzing with the Famous;0.233
9.14.2023;Healthy Fast Food Chain;Orlando Vice;0.086
9.14.2023;Healthy Fast Food Chain;Orlando Vice;0.086
9.14.2023;Healthy Fast Food Chain;Maui Five Ten;0.232
9.14.2023;Healthy Fast Food Chain;Neighborhood Patrol;0.183
9.14.2023;Healthy Fast Food Chain;Freaky Vacations;-0.094
9.14.2023;Healthy Fast Food Chain;Nightly News Stories;-0.003
9.14.2023;Healthy Fast Food Chain;Nightly News Stories;-0.003
9.14.2023;Healthy Fast Food Chain;Fix and Flip;0.023
9.14.2023;Healthy Fast Food Chain;Fix and Flip;0.023
9.14.2023;Healthy Fast Food Chain;Portable Homes;-0.068
9.14.2023;Healthy Fast Food Chain;Sister Home Sellers;0.256
9.14.2023;Healthy Fast Food Chain;Sister Home Sellers;0.256
9.14.2023;Healthy Fast Food Chain;New Gal;-0.198
9.14.2023;Healthy Fast Food Chain;New Gal;-0.198
9.14.2023;Healthy Fast Food Chain;Planet Hypothesis;0.152
9.14.2023;Healthy Fast Food Chain;Planet Hypothesis;0.152
9.14.2023;Healthy Fast Food Chain;ER Drama;0.493
9.14.2023;Healthy Fast Food Chain;ER Drama;0.493
9.14.2023;Popular Soft Drink;Fix and Flip;0.023
9.14.2023;Popular Soft Drink;Portable Homes;-0.068
9.14.2023;Popular Soft Drink;Sister Home Sellers;0.256
9.14.2023;Retail Big Box Store;Together Forever;-0.052
9.14.2023;Retail Big Box Store;Together Forever;-0.052
9.14.2023;Retail Big Box Store;Orlando Vice;0.086
9.14.2023;Retail Big Box Store;Orlando Vice;0.086
9.14.2023;Retail Big Box Store;Maui Five Ten;0.232
9.14.2023;Retail Big Box Store;Maui Five Ten;0.232
9.14.2023;Retail Big Box Store;Rescue Squad;0.417
9.14.2023;Retail Big Box Store;Family Fraud;-0.022
9.14.2023;Retail Big Box Store;I Love Betty;-0.172
9.14.2023;Retail Big Box Store;The Young and the Reckless;-0.178
9.14.2023;Retail Big Box Store;The Young and the Reckless;-0.178
9.14.2023;Retail Big Box Store;Tonight Tonight;0.09
9.14.2023;Retail Big Box Store;Tonight Tonight;0.09
9.14.2023;Retail Big Box Store;Late Hours;0.125
9.14.2023;Retail Big Box Store;Fix and Flip;0.023
9.14.2023;Retail Big Box Store;Fix and Flip;0.023
9.14.2023;Retail Big Box Store;Sister Home Sellers;0.256
9.14.2023;Retail Big Box Store;Sister Home Sellers;0.256
9.14.2023;Retail Big Box Store;New Gal;-0.198
9.14.2023;Retail Big Box Store;Planet Hypothesis;0.152
9.14.2023;Retail Big Box Store;Planet Hypothesis;0.152
9.14.2023;Retail Big Box Store;ER Drama;0.493
9.14.2023;Retail Big Box Store;ER Drama;0.493
9.14.2023;Sport Utility VehiHealthy Fast Food Chainle Sales;Together Forever;-0.052
9.14.2023;Sport Utility VehiHealthy Fast Food Chainle Sales;Waltzing with the Famous;0.233
9.14.2023;Sport Utility VehiHealthy Fast Food Chainle Sales;Waltzing with the Famous;0.233
9.14.2023;Sport Utility VehiHealthy Fast Food Chainle Sales;Orlando Vice;0.086
9.14.2023;Sport Utility VehiHealthy Fast Food Chainle Sales;Orlando Vice;0.086
9.14.2023;Sport Utility VehiHealthy Fast Food Chainle Sales;Maui Five Ten;0.232
9.14.2023;Sport Utility VehiHealthy Fast Food Chainle Sales;Rescue Squad;0.417
9.14.2023;Sport Utility VehiHealthy Fast Food Chainle Sales;Neighborhood Patrol;0.183
9.14.2023;Sport Utility VehiHealthy Fast Food Chainle Sales;Family Fraud;-0.022
9.14.2023;Sport Utility VehiHealthy Fast Food Chainle Sales;I Love Betty;-0.172
9.14.2023;Sport Utility VehiHealthy Fast Food Chainle Sales;I Love Betty;-0.172
9.14.2023;Sport Utility VehiHealthy Fast Food Chainle Sales;Hot Air Balloon Cruises;0.235
9.14.2023;Sport Utility VehiHealthy Fast Food Chainle Sales;Freaky Vacations;-0.094
9.14.2023;Sport Utility VehiHealthy Fast Food Chainle Sales;Freaky Vacations;-0.094
9.14.2023;Sport Utility VehiHealthy Fast Food Chainle Sales;The Young and the Reckless;-0.178
9.14.2023;Sport Utility VehiHealthy Fast Food Chainle Sales;The Evening Show;0.414
9.14.2023;Sport Utility VehiHealthy Fast Food Chainle Sales;Tonight Tonight;0.09
9.14.2023;Sport Utility VehiHealthy Fast Food Chainle Sales;Late Hours;0.125
9.14.2023;Sport Utility VehiHealthy Fast Food Chainle Sales;Nightly News Stories;-0.003
9.14.2023;Sport Utility VehiHealthy Fast Food Chainle Sales;Fix and Flip;0.023
9.14.2023;Sport Utility VehiHealthy Fast Food Chainle Sales;Fix and Flip;0.023
9.14.2023;Sport Utility VehiHealthy Fast Food Chainle Sales;Portable Homes;-0.068
9.14.2023;Sport Utility VehiHealthy Fast Food Chainle Sales;Portable Homes;-0.068
9.14.2023;Sport Utility VehiHealthy Fast Food Chainle Sales;Sister Home Sellers;0.256
9.14.2023;Sport Utility VehiHealthy Fast Food Chainle Sales;New Gal;-0.198
9.14.2023;Sport Utility VehiHealthy Fast Food Chainle Sales;New Gal;-0.198
9.14.2023;Sport Utility VehiHealthy Fast Food Chainle Sales;Planet Hypothesis;0.152
9.14.2023;Sport Utility VehiHealthy Fast Food Chainle Sales;Planet Hypothesis;0.152
9.14.2023;Sport Utility VehiHealthy Fast Food Chainle Sales;ER Drama;0.493
9.14.2023;Sport Utility VehiHealthy Fast Food Chainle Sales;ER Drama;0.493
9.21.2023;Healthy Fast Food Chain;Waltzing with the Famous;0.233
9.21.2023;Healthy Fast Food Chain;Waltzing with the Famous;0.233
9.21.2023;Healthy Fast Food Chain;Orlando Vice;0.086
9.21.2023;Healthy Fast Food Chain;Maui Five Ten;0.232
9.21.2023;Healthy Fast Food Chain;Maui Five Ten;0.232
9.21.2023;Healthy Fast Food Chain;Freaky Vacations;-0.094
9.21.2023;Healthy Fast Food Chain;Tonight Tonight;0.09
9.21.2023;Healthy Fast Food Chain;Tonight Tonight;0.09
9.21.2023;Healthy Fast Food Chain;Nightly News Stories;-0.003
9.21.2023;Healthy Fast Food Chain;Nightly News Stories;-0.003
9.21.2023;Healthy Fast Food Chain;Fix and Flip;0.023
9.21.2023;Healthy Fast Food Chain;Fix and Flip;0.023
9.21.2023;Healthy Fast Food Chain;Portable Homes;-0.068
9.21.2023;Healthy Fast Food Chain;Sister Home Sellers;0.256
9.21.2023;Healthy Fast Food Chain;New Gal;-0.198
9.21.2023;Healthy Fast Food Chain;New Gal;-0.198
9.21.2023;Healthy Fast Food Chain;Planet Hypothesis;0.152
9.21.2023;Healthy Fast Food Chain;Planet Hypothesis;0.152
9.21.2023;Healthy Fast Food Chain;ER Drama;0.493
9.21.2023;Home Cleaning Product;Neighborhood Patrol;0.183
9.21.2023;Home Cleaning Product;Hot Air Balloon Cruises;0.235
9.21.2023;Home Cleaning Product;Tonight Tonight;0.09
9.21.2023;Home Cleaning Product;Late Hours;0.125
9.21.2023;Home Cleaning Product;Fix and Flip;0.023
9.21.2023;Home Cleaning Product;Portable Homes;-0.068
9.21.2023;Popular Soft Drink;Fix and Flip;0.023
9.21.2023;Popular Soft Drink;Sister Home Sellers;0.256
9.21.2023;Retail Big Box Store;Together Forever;-0.052
9.21.2023;Retail Big Box Store;Together Forever;-0.052
9.21.2023;Retail Big Box Store;Waltzing with the Famous;0.233
9.21.2023;Retail Big Box Store;Waltzing with the Famous;0.233
9.21.2023;Retail Big Box Store;Orlando Vice;0.086
9.21.2023;Retail Big Box Store;Orlando Vice;0.086
9.21.2023;Retail Big Box Store;Maui Five Ten;0.232
9.21.2023;Retail Big Box Store;Maui Five Ten;0.232
9.21.2023;Retail Big Box Store;Rescue Squad;0.417
9.21.2023;Retail Big Box Store;Neighborhood Patrol;0.183
9.21.2023;Retail Big Box Store;Family Fraud;-0.022
9.21.2023;Retail Big Box Store;Freaky Vacations;-0.094
9.21.2023;Retail Big Box Store;The Young and the Reckless;-0.178
9.21.2023;Retail Big Box Store;Tonight Tonight;0.09
9.21.2023;Retail Big Box Store;Late Hours;0.125
9.21.2023;Retail Big Box Store;Fix and Flip;0.023
9.21.2023;Retail Big Box Store;Fix and Flip;0.023
9.21.2023;Retail Big Box Store;Sister Home Sellers;0.256
9.21.2023;Retail Big Box Store;Sister Home Sellers;0.256
9.21.2023;Retail Big Box Store;New Gal;-0.198
9.21.2023;Retail Big Box Store;Planet Hypothesis;0.152
9.21.2023;Retail Big Box Store;Planet Hypothesis;0.152
9.21.2023;Retail Big Box Store;ER Drama;0.493
9.21.2023;Sport Utility VehiHealthy Fast Food Chainle Sales;Together Forever;-0.052
9.21.2023;Sport Utility VehiHealthy Fast Food Chainle Sales;Together Forever;-0.052
9.21.2023;Sport Utility VehiHealthy Fast Food Chainle Sales;Waltzing with the Famous;0.233
9.21.2023;Sport Utility VehiHealthy Fast Food Chainle Sales;Waltzing with the Famous;0.233
9.21.2023;Sport Utility VehiHealthy Fast Food Chainle Sales;Orlando Vice;0.086
9.21.2023;Sport Utility VehiHealthy Fast Food Chainle Sales;Maui Five Ten;0.232
9.21.2023;Sport Utility VehiHealthy Fast Food Chainle Sales;Rescue Squad;0.417
9.21.2023;Sport Utility VehiHealthy Fast Food Chainle Sales;Neighborhood Patrol;0.183
9.21.2023;Sport Utility VehiHealthy Fast Food Chainle Sales;Family Fraud;-0.022
9.21.2023;Sport Utility VehiHealthy Fast Food Chainle Sales;I Love Betty;-0.172
9.21.2023;Sport Utility VehiHealthy Fast Food Chainle Sales;I Love Betty;-0.172
9.21.2023;Sport Utility VehiHealthy Fast Food Chainle Sales;Hot Air Balloon Cruises;0.235
9.21.2023;Sport Utility VehiHealthy Fast Food Chainle Sales;Freaky Vacations;-0.094
9.21.2023;Sport Utility VehiHealthy Fast Food Chainle Sales;Freaky Vacations;-0.094
9.21.2023;Sport Utility VehiHealthy Fast Food Chainle Sales;The Young and the Reckless;-0.178
9.21.2023;Sport Utility VehiHealthy Fast Food Chainle Sales;The Evening Show;0.414
9.21.2023;Sport Utility VehiHealthy Fast Food Chainle Sales;The Evening Show;0.414
9.21.2023;Sport Utility VehiHealthy Fast Food Chainle Sales;Tonight Tonight;0.09
9.21.2023;Sport Utility VehiHealthy Fast Food Chainle Sales;Late Hours;0.125
9.21.2023;Sport Utility VehiHealthy Fast Food Chainle Sales;Nightly News Stories;-0.003
9.21.2023;Sport Utility VehiHealthy Fast Food Chainle Sales;Fix and Flip;0.023
9.21.2023;Sport Utility VehiHealthy Fast Food Chainle Sales;Fix and Flip;0.023
9.21.2023;Sport Utility VehiHealthy Fast Food Chainle Sales;Portable Homes;-0.068
9.21.2023;Sport Utility VehiHealthy Fast Food Chainle Sales;Portable Homes;-0.068
9.21.2023;Sport Utility VehiHealthy Fast Food Chainle Sales;Sister Home Sellers;0.256
9.21.2023;Sport Utility VehiHealthy Fast Food Chainle Sales;Sister Home Sellers;0.256
9.21.2023;Sport Utility VehiHealthy Fast Food Chainle Sales;New Gal;-0.198
9.21.2023;Sport Utility VehiHealthy Fast Food Chainle Sales;Planet Hypothesis;0.152
9.21.2023;Sport Utility VehiHealthy Fast Food Chainle Sales;Planet Hypothesis;0.152
9.21.2023;Sport Utility VehiHealthy Fast Food Chainle Sales;ER Drama;0.493
9.21.2023;Sport Utility VehiHealthy Fast Food Chainle Sales;ER Drama;0.493
9.28.2023;Healthy Fast Food Chain;Together Forever;-0.052
9.28.2023;Healthy Fast Food Chain;Orlando Vice;0.086
9.28.2023;Healthy Fast Food Chain;Orlando Vice;0.086
9.28.2023;Healthy Fast Food Chain;Maui Five Ten;0.232
9.28.2023;Healthy Fast Food Chain;Maui Five Ten;0.232
9.28.2023;Healthy Fast Food Chain;Neighborhood Patrol;0.183
9.28.2023;Healthy Fast Food Chain;Freaky Vacations;-0.094
9.28.2023;Healthy Fast Food Chain;The Evening Show;0.414
9.28.2023;Healthy Fast Food Chain;Nightly News Stories;-0.003
9.28.2023;Healthy Fast Food Chain;Nightly News Stories;-0.003
9.28.2023;Healthy Fast Food Chain;Fix and Flip;0.023
9.28.2023;Healthy Fast Food Chain;Fix and Flip;0.023
9.28.2023;Healthy Fast Food Chain;Portable Homes;-0.068
9.28.2023;Healthy Fast Food Chain;Sister Home Sellers;0.256
9.28.2023;Healthy Fast Food Chain;New Gal;-0.198
9.28.2023;Healthy Fast Food Chain;New Gal;-0.198
9.28.2023;Healthy Fast Food Chain;Planet Hypothesis;0.152
9.28.2023;Healthy Fast Food Chain;ER Drama;0.493
9.28.2023;Home Cleaning Product;Together Forever;-0.052
9.28.2023;Home Cleaning Product;Late Hours;0.125
9.28.2023;Home Cleaning Product;Fix and Flip;0.023
9.28.2023;Home Cleaning Product;Portable Homes;-0.068
9.28.2023;Home Cleaning Product;Planet Hypothesis;0.152
9.28.2023;Retail Big Box Store;Orlando Vice;0.086
9.28.2023;Retail Big Box Store;Maui Five Ten;0.232
9.28.2023;Retail Big Box Store;Maui Five Ten;0.232
9.28.2023;Retail Big Box Store;Rescue Squad;0.417
9.28.2023;Retail Big Box Store;Family Fraud;-0.022
9.28.2023;Retail Big Box Store;Freaky Vacations;-0.094
9.28.2023;Retail Big Box Store;Tonight Tonight;0.09
9.28.2023;Retail Big Box Store;Late Hours;0.125
9.28.2023;Retail Big Box Store;Late Hours;0.125
9.28.2023;Retail Big Box Store;Fix and Flip;0.023
9.28.2023;Retail Big Box Store;Fix and Flip;0.023
9.28.2023;Retail Big Box Store;Sister Home Sellers;0.256
9.28.2023;Retail Big Box Store;Sister Home Sellers;0.256
9.28.2023;Retail Big Box Store;New Gal;-0.198
9.28.2023;Retail Big Box Store;Planet Hypothesis;0.152
9.28.2023;Retail Big Box Store;ER Drama;0.493
9.28.2023;Sport Utility VehiHealthy Fast Food Chainle Sales;Together Forever;-0.052
9.28.2023;Sport Utility VehiHealthy Fast Food Chainle Sales;Together Forever;-0.052
9.28.2023;Sport Utility VehiHealthy Fast Food Chainle Sales;Waltzing with the Famous;0.233
9.28.2023;Sport Utility VehiHealthy Fast Food Chainle Sales;Orlando Vice;0.086
9.28.2023;Sport Utility VehiHealthy Fast Food Chainle Sales;Orlando Vice;0.086
9.28.2023;Sport Utility VehiHealthy Fast Food Chainle Sales;Maui Five Ten;0.232
9.28.2023;Sport Utility VehiHealthy Fast Food Chainle Sales;Rescue Squad;0.417
9.28.2023;Sport Utility VehiHealthy Fast Food Chainle Sales;Neighborhood Patrol;0.183
9.28.2023;Sport Utility VehiHealthy Fast Food Chainle Sales;I Love Betty;-0.172
9.28.2023;Sport Utility VehiHealthy Fast Food Chainle Sales;I Love Betty;-0.172
9.28.2023;Sport Utility VehiHealthy Fast Food Chainle Sales;Freaky Vacations;-0.094
9.28.2023;Sport Utility VehiHealthy Fast Food Chainle Sales;The Young and the Reckless;-0.178
9.28.2023;Sport Utility VehiHealthy Fast Food Chainle Sales;The Evening Show;0.414
9.28.2023;Sport Utility VehiHealthy Fast Food Chainle Sales;Tonight Tonight;0.09
9.28.2023;Sport Utility VehiHealthy Fast Food Chainle Sales;Late Hours;0.125
9.28.2023;Sport Utility VehiHealthy Fast Food Chainle Sales;Nightly News Stories;-0.003
9.28.2023;Sport Utility VehiHealthy Fast Food Chainle Sales;Nightly News Stories;-0.003
9.28.2023;Sport Utility VehiHealthy Fast Food Chainle Sales;Fix and Flip;0.023
9.28.2023;Sport Utility VehiHealthy Fast Food Chainle Sales;Fix and Flip;0.023
9.28.2023;Sport Utility VehiHealthy Fast Food Chainle Sales;Portable Homes;-0.068
9.28.2023;Sport Utility VehiHealthy Fast Food Chainle Sales;Sister Home Sellers;0.256
9.28.2023;Sport Utility VehiHealthy Fast Food Chainle Sales;New Gal;-0.198
9.28.2023;Sport Utility VehiHealthy Fast Food Chainle Sales;Planet Hypothesis;0.152
9.28.2023;Sport Utility VehiHealthy Fast Food Chainle Sales;ER Drama;0.493
10.05.2023;Healthy Fast Food Chain;Together Forever;-0.052
10.05.2023;Healthy Fast Food Chain;Waltzing with the Famous;0.233
10.05.2023;Healthy Fast Food Chain;Orlando Vice;0.086
10.05.2023;Healthy Fast Food Chain;Orlando Vice;0.086
10.05.2023;Healthy Fast Food Chain;Maui Five Ten;0.232
10.05.2023;Healthy Fast Food Chain;Maui Five Ten;0.232
10.05.2023;Healthy Fast Food Chain;Rescue Squad;0.417
10.05.2023;Healthy Fast Food Chain;Neighborhood Patrol;0.183
10.05.2023;Healthy Fast Food Chain;Freaky Vacations;-0.094
10.05.2023;Healthy Fast Food Chain;Tonight Tonight;0.09
10.05.2023;Healthy Fast Food Chain;Tonight Tonight;0.09
10.05.2023;Healthy Fast Food Chain;Late Hours;0.125
10.05.2023;Healthy Fast Food Chain;Nightly News Stories;-0.003
10.05.2023;Healthy Fast Food Chain;Fix and Flip;0.023
10.05.2023;Healthy Fast Food Chain;Fix and Flip;0.023
10.05.2023;Healthy Fast Food Chain;Portable Homes;-0.068
10.05.2023;Healthy Fast Food Chain;Portable Homes;-0.068
10.05.2023;Healthy Fast Food Chain;Sister Home Sellers;0.256
10.05.2023;Healthy Fast Food Chain;New Gal;-0.198
10.05.2023;Healthy Fast Food Chain;New Gal;-0.198
10.05.2023;Healthy Fast Food Chain;Planet Hypothesis;0.152
10.05.2023;Healthy Fast Food Chain;Planet Hypothesis;0.152
10.05.2023;Healthy Fast Food Chain;ER Drama;0.493
10.05.2023;Healthy Fast Food Chain;ER Drama;0.493
10.05.2023;Home Cleaning Product;Together Forever;-0.052
10.05.2023;Home Cleaning Product;Orlando Vice;0.086
10.05.2023;Home Cleaning Product;Late Hours;0.125
10.05.2023;Home Cleaning Product;Fix and Flip;0.023
10.05.2023;Home Cleaning Product;Portable Homes;-0.068
10.05.2023;Home Cleaning Product;Sister Home Sellers;0.256
10.05.2023;Popular Soft Drink;Fix and Flip;0.023
10.05.2023;Retail Big Box Store;Together Forever;-0.052
10.05.2023;Retail Big Box Store;Waltzing with the Famous;0.233
10.05.2023;Retail Big Box Store;Orlando Vice;0.086
10.05.2023;Retail Big Box Store;Maui Five Ten;0.232
10.05.2023;Retail Big Box Store;My First Home;0.598
10.05.2023;Retail Big Box Store;Freaky Vacations;-0.094
10.05.2023;Retail Big Box Store;The Evening Show;0.414
10.05.2023;Retail Big Box Store;Tonight Tonight;0.09
10.05.2023;Retail Big Box Store;Late Hours;0.125
10.05.2023;Retail Big Box Store;Nightly News Stories;-0.003
10.05.2023;Retail Big Box Store;Fix and Flip;0.023
10.05.2023;Retail Big Box Store;Planet Hypothesis;0.152
10.05.2023;Retail Big Box Store;ER Drama;0.493
10.05.2023;Sport Utility VehiHealthy Fast Food Chainle Sales;Together Forever;-0.052
10.05.2023;Sport Utility VehiHealthy Fast Food Chainle Sales;Together Forever;-0.052
10.05.2023;Sport Utility VehiHealthy Fast Food Chainle Sales;Waltzing with the Famous;0.233
10.05.2023;Sport Utility VehiHealthy Fast Food Chainle Sales;Orlando Vice;0.086
10.05.2023;Sport Utility VehiHealthy Fast Food Chainle Sales;Maui Five Ten;0.232
10.05.2023;Sport Utility VehiHealthy Fast Food Chainle Sales;Rescue Squad;0.417
10.05.2023;Sport Utility VehiHealthy Fast Food Chainle Sales;I Love Betty;-0.172
10.05.2023;Sport Utility VehiHealthy Fast Food Chainle Sales;I Love Betty;-0.172
10.05.2023;Sport Utility VehiHealthy Fast Food Chainle Sales;My First Home;0.598
10.05.2023;Sport Utility VehiHealthy Fast Food Chainle Sales;My First Home;0.598
10.05.2023;Sport Utility VehiHealthy Fast Food Chainle Sales;Freaky Vacations;-0.094
10.05.2023;Sport Utility VehiHealthy Fast Food Chainle Sales;The Young and the Reckless;-0.178
10.05.2023;Sport Utility VehiHealthy Fast Food Chainle Sales;The Evening Show;0.414
10.05.2023;Sport Utility VehiHealthy Fast Food Chainle Sales;Tonight Tonight;0.09
10.05.2023;Sport Utility VehiHealthy Fast Food Chainle Sales;Nightly News Stories;-0.003
10.05.2023;Sport Utility VehiHealthy Fast Food Chainle Sales;Nightly News Stories;-0.003
10.05.2023;Sport Utility VehiHealthy Fast Food Chainle Sales;Fix and Flip;0.023
10.05.2023;Sport Utility VehiHealthy Fast Food Chainle Sales;Fix and Flip;0.023
10.05.2023;Sport Utility VehiHealthy Fast Food Chainle Sales;Portable Homes;-0.068
10.05.2023;Sport Utility VehiHealthy Fast Food Chainle Sales;Sister Home Sellers;0.256
10.05.2023;Sport Utility VehiHealthy Fast Food Chainle Sales;Sister Home Sellers;0.256
10.05.2023;Sport Utility VehiHealthy Fast Food Chainle Sales;New Gal;-0.198
10.05.2023;Sport Utility VehiHealthy Fast Food Chainle Sales;Planet Hypothesis;0.152
10.05.2023;Sport Utility VehiHealthy Fast Food Chainle Sales;ER Drama;0.493
10.05.2023;Sport Utility VehiHealthy Fast Food Chainle Sales;ER Drama;0.493
10.12.2023;Healthy Fast Food Chain;Together Forever;-0.052
10.12.2023;Healthy Fast Food Chain;Waltzing with the Famous;0.233
10.12.2023;Healthy Fast Food Chain;Waltzing with the Famous;0.233
10.12.2023;Healthy Fast Food Chain;Cannot Fool Me;0.092
10.12.2023;Healthy Fast Food Chain;Orlando Vice;0.086
10.12.2023;Healthy Fast Food Chain;Orlando Vice;0.086
10.12.2023;Healthy Fast Food Chain;Maui Five Ten;0.232
10.12.2023;Healthy Fast Food Chain;Maui Five Ten;0.232
10.12.2023;Healthy Fast Food Chain;Rescue Squad;0.417
10.12.2023;Healthy Fast Food Chain;Neighborhood Patrol;0.183
10.12.2023;Healthy Fast Food Chain;I Love Betty;-0.172
10.12.2023;Healthy Fast Food Chain;My First Home;0.598
10.12.2023;Healthy Fast Food Chain;Freaky Vacations;-0.094
10.12.2023;Healthy Fast Food Chain;Tonight Tonight;0.09
10.12.2023;Healthy Fast Food Chain;Tonight Tonight;0.09
10.12.2023;Healthy Fast Food Chain;Late Hours;0.125
10.12.2023;Healthy Fast Food Chain;Nightly News Stories;-0.003
10.12.2023;Healthy Fast Food Chain;Nightly News Stories;-0.003
10.12.2023;Healthy Fast Food Chain;Fix and Flip;0.023
10.12.2023;Healthy Fast Food Chain;Fix and Flip;0.023
10.12.2023;Healthy Fast Food Chain;Portable Homes;-0.068
10.12.2023;Healthy Fast Food Chain;Portable Homes;-0.068
10.12.2023;Healthy Fast Food Chain;Sister Home Sellers;0.256
10.12.2023;Healthy Fast Food Chain;Sister Home Sellers;0.256
10.12.2023;Healthy Fast Food Chain;New Gal;-0.198
10.12.2023;Healthy Fast Food Chain;New Gal;-0.198
10.12.2023;Healthy Fast Food Chain;Planet Hypothesis;0.152
10.12.2023;Healthy Fast Food Chain;Planet Hypothesis;0.152
10.12.2023;Healthy Fast Food Chain;ER Drama;0.493
10.12.2023;Healthy Fast Food Chain;ER Drama;0.493
10.12.2023;Popular Soft Drink;Fix and Flip;0.023
10.12.2023;Popular Soft Drink;Portable Homes;-0.068
10.12.2023;Popular Soft Drink;Sister Home Sellers;0.256
10.12.2023;Retail Big Box Store;Together Forever;-0.052
10.12.2023;Retail Big Box Store;Together Forever;-0.052
10.12.2023;Retail Big Box Store;Waltzing with the Famous;0.233
10.12.2023;Retail Big Box Store;Cannot Fool Me;0.092
10.12.2023;Retail Big Box Store;Orlando Vice;0.086
10.12.2023;Retail Big Box Store;Maui Five Ten;0.232
10.12.2023;Retail Big Box Store;Maui Five Ten;0.232
10.12.2023;Retail Big Box Store;Rescue Squad;0.417
10.12.2023;Retail Big Box Store;Family Fraud;-0.022
10.12.2023;Retail Big Box Store;My First Home;0.598
10.12.2023;Retail Big Box Store;The Young and the Reckless;-0.178
10.12.2023;Retail Big Box Store;The Evening Show;0.414
10.12.2023;Retail Big Box Store;Tonight Tonight;0.09
10.12.2023;Retail Big Box Store;Late Hours;0.125
10.12.2023;Retail Big Box Store;Late Hours;0.125
10.12.2023;Retail Big Box Store;Fix and Flip;0.023
10.12.2023;Retail Big Box Store;Fix and Flip;0.023
10.12.2023;Retail Big Box Store;Portable Homes;-0.068
10.12.2023;Retail Big Box Store;Sister Home Sellers;0.256
10.12.2023;Retail Big Box Store;Sister Home Sellers;0.256
10.12.2023;Retail Big Box Store;New Gal;-0.198
10.12.2023;Retail Big Box Store;Planet Hypothesis;0.152
10.12.2023;Retail Big Box Store;Planet Hypothesis;0.152
10.12.2023;Retail Big Box Store;ER Drama;0.493
10.12.2023;Sport Utility VehiHealthy Fast Food Chainle Sales;Together Forever;-0.052
10.12.2023;Sport Utility VehiHealthy Fast Food Chainle Sales;Together Forever;-0.052
10.12.2023;Sport Utility VehiHealthy Fast Food Chainle Sales;Waltzing with the Famous;0.233
10.12.2023;Sport Utility VehiHealthy Fast Food Chainle Sales;Waltzing with the Famous;0.233
10.12.2023;Sport Utility VehiHealthy Fast Food Chainle Sales;Cannot Fool Me;0.092
10.12.2023;Sport Utility VehiHealthy Fast Food Chainle Sales;Maui Five Ten;0.232
10.12.2023;Sport Utility VehiHealthy Fast Food Chainle Sales;Rescue Squad;0.417
10.12.2023;Sport Utility VehiHealthy Fast Food Chainle Sales;Neighborhood Patrol;0.183
10.12.2023;Sport Utility VehiHealthy Fast Food Chainle Sales;Family Fraud;-0.022
10.12.2023;Sport Utility VehiHealthy Fast Food Chainle Sales;I Love Betty;-0.172
10.12.2023;Sport Utility VehiHealthy Fast Food Chainle Sales;I Love Betty;-0.172
10.12.2023;Sport Utility VehiHealthy Fast Food Chainle Sales;My First Home;0.598
10.12.2023;Sport Utility VehiHealthy Fast Food Chainle Sales;My First Home;0.598
10.12.2023;Sport Utility VehiHealthy Fast Food Chainle Sales;The Young and the Reckless;-0.178
10.12.2023;Sport Utility VehiHealthy Fast Food Chainle Sales;The Evening Show;0.414
10.12.2023;Sport Utility VehiHealthy Fast Food Chainle Sales;Tonight Tonight;0.09
10.12.2023;Sport Utility VehiHealthy Fast Food Chainle Sales;Late Hours;0.125
10.12.2023;Sport Utility VehiHealthy Fast Food Chainle Sales;Nightly News Stories;-0.003
10.12.2023;Sport Utility VehiHealthy Fast Food Chainle Sales;Nightly News Stories;-0.003
10.12.2023;Sport Utility VehiHealthy Fast Food Chainle Sales;Fix and Flip;0.023
10.12.2023;Sport Utility VehiHealthy Fast Food Chainle Sales;Fix and Flip;0.023
10.12.2023;Sport Utility VehiHealthy Fast Food Chainle Sales;Daybreak Dish;-0.036
10.12.2023;Sport Utility VehiHealthy Fast Food Chainle Sales;Portable Homes;-0.068
10.12.2023;Sport Utility VehiHealthy Fast Food Chainle Sales;Portable Homes;-0.068
10.12.2023;Sport Utility VehiHealthy Fast Food Chainle Sales;Sister Home Sellers;0.256
10.12.2023;Sport Utility VehiHealthy Fast Food Chainle Sales;New Gal;-0.198
10.12.2023;Sport Utility VehiHealthy Fast Food Chainle Sales;New Gal;-0.198
10.12.2023;Sport Utility VehiHealthy Fast Food Chainle Sales;Planet Hypothesis;0.152
10.12.2023;Sport Utility VehiHealthy Fast Food Chainle Sales;ER Drama;0.493
11.16.2023;Healthy Fast Food Chain;Together Forever;0.01
11.16.2023;Healthy Fast Food Chain;Waltzing with the Famous;0.406
11.16.2023;Healthy Fast Food Chain;Waltzing with the Famous;0.406
11.16.2023;Healthy Fast Food Chain;Orlando Vice;0.264
11.16.2023;Healthy Fast Food Chain;Maui Five Ten;0.418
11.16.2023;Healthy Fast Food Chain;Maui Five Ten;0.418
11.16.2023;Healthy Fast Food Chain;Neighborhood Patrol;0.314
11.16.2023;Healthy Fast Food Chain;Neighborhood Patrol;0.314
11.16.2023;Healthy Fast Food Chain;Freaky Vacations;0.22
11.16.2023;Healthy Fast Food Chain;Freaky Vacations;0.22
11.16.2023;Healthy Fast Food Chain;Tonight Tonight;0.08
11.16.2023;Healthy Fast Food Chain;Tonight Tonight;0.08
11.16.2023;Healthy Fast Food Chain;Nightly News Stories;0.155
11.16.2023;Healthy Fast Food Chain;Nightly News Stories;0.155
11.16.2023;Healthy Fast Food Chain;Fix and Flip;0.036
11.16.2023;Healthy Fast Food Chain;Fix and Flip;0.036
11.16.2023;Healthy Fast Food Chain;Portable Homes;-0.078
11.16.2023;Healthy Fast Food Chain;Sister Home Sellers;0.398
11.16.2023;Healthy Fast Food Chain;New Gal;-0.089
11.16.2023;Healthy Fast Food Chain;New Gal;-0.089
11.16.2023;Healthy Fast Food Chain;Planet Hypothesis;0.22
11.16.2023;Healthy Fast Food Chain;Planet Hypothesis;0.22
11.16.2023;Healthy Fast Food Chain;ER Drama;0.601
11.16.2023;Healthy Fast Food Chain;ER Drama;0.601
11.16.2023;Home Cleaning Product;Orlando Vice;0.264
11.16.2023;Home Cleaning Product;Neighborhood Patrol;0.314
11.16.2023;Home Cleaning Product;Fix and Flip;0.036
11.16.2023;Home Cleaning Product;Daybreak Dish;0.074
11.16.2023;Home Cleaning Product;New Gal;-0.089
11.16.2023;Popular Soft Drink;Nightly News Stories;0.155
11.16.2023;Popular Soft Drink;Fix and Flip;0.036
11.16.2023;Popular Soft Drink;Sister Home Sellers;0.398
11.16.2023;Retail Big Box Store;Together Forever;0.01
11.16.2023;Retail Big Box Store;Together Forever;0.01
11.16.2023;Retail Big Box Store;Waltzing with the Famous;0.406
11.16.2023;Retail Big Box Store;Orlando Vice;0.264
11.16.2023;Retail Big Box Store;Maui Five Ten;0.418
11.16.2023;Retail Big Box Store;Maui Five Ten;0.418
11.16.2023;Retail Big Box Store;Rescue Squad;0.425
11.16.2023;Retail Big Box Store;Family Fraud;0.007
11.16.2023;Retail Big Box Store;My First Home;0.594
11.16.2023;Retail Big Box Store;The Young and the Reckless;0.015
11.16.2023;Retail Big Box Store;Late Hours;0.083
11.16.2023;Retail Big Box Store;Late Hours;0.083
11.16.2023;Retail Big Box Store;Nightly News Stories;0.155
11.16.2023;Retail Big Box Store;Nightly News Stories;0.155
11.16.2023;Retail Big Box Store;Fix and Flip;0.036
11.16.2023;Retail Big Box Store;Fix and Flip;0.036
11.16.2023;Retail Big Box Store;Portable Homes;-0.078
11.16.2023;Retail Big Box Store;Sister Home Sellers;0.398
11.16.2023;Retail Big Box Store;Sister Home Sellers;0.398
11.16.2023;Retail Big Box Store;New Gal;-0.089
11.16.2023;Sport Utility VehiHealthy Fast Food Chainle Sales;Together Forever;0.01
11.16.2023;Sport Utility VehiHealthy Fast Food Chainle Sales;Waltzing with the Famous;0.406
11.16.2023;Sport Utility VehiHealthy Fast Food Chainle Sales;Orlando Vice;0.264
11.16.2023;Sport Utility VehiHealthy Fast Food Chainle Sales;Maui Five Ten;0.418
11.16.2023;Sport Utility VehiHealthy Fast Food Chainle Sales;Maui Five Ten;0.418
11.16.2023;Sport Utility VehiHealthy Fast Food Chainle Sales;Rescue Squad;0.425
11.16.2023;Sport Utility VehiHealthy Fast Food Chainle Sales;Rescue Squad;0.425
11.16.2023;Sport Utility VehiHealthy Fast Food Chainle Sales;Family Fraud;0.007
11.16.2023;Sport Utility VehiHealthy Fast Food Chainle Sales;I Love Betty;-0.089
11.16.2023;Sport Utility VehiHealthy Fast Food Chainle Sales;I Love Betty;-0.089
11.16.2023;Sport Utility VehiHealthy Fast Food Chainle Sales;My First Home;0.594
11.16.2023;Sport Utility VehiHealthy Fast Food Chainle Sales;Freaky Vacations;0.22
11.16.2023;Sport Utility VehiHealthy Fast Food Chainle Sales;The Young and the Reckless;0.015
11.16.2023;Sport Utility VehiHealthy Fast Food Chainle Sales;The Young and the Reckless;0.015
11.16.2023;Sport Utility VehiHealthy Fast Food Chainle Sales;Tonight Tonight;0.08
11.16.2023;Sport Utility VehiHealthy Fast Food Chainle Sales;Nightly News Stories;0.155
11.16.2023;Sport Utility VehiHealthy Fast Food Chainle Sales;Nightly News Stories;0.155
11.16.2023;Sport Utility VehiHealthy Fast Food Chainle Sales;Fix and Flip;0.036
11.16.2023;Sport Utility VehiHealthy Fast Food Chainle Sales;Fix and Flip;0.036
11.16.2023;Sport Utility VehiHealthy Fast Food Chainle Sales;Daybreak Dish;0.074
11.16.2023;Sport Utility VehiHealthy Fast Food Chainle Sales;Portable Homes;-0.078
11.16.2023;Sport Utility VehiHealthy Fast Food Chainle Sales;Portable Homes;-0.078
11.16.2023;Sport Utility VehiHealthy Fast Food Chainle Sales;Sister Home Sellers;0.398
11.16.2023;Sport Utility VehiHealthy Fast Food Chainle Sales;Sister Home Sellers;0.398
11.16.2023;Sport Utility VehiHealthy Fast Food Chainle Sales;New Gal;-0.089
11.16.2023;Sport Utility VehiHealthy Fast Food Chainle Sales;New Gal;-0.089
11.16.2023;Sport Utility VehiHealthy Fast Food Chainle Sales;Planet Hypothesis;0.22
11.16.2023;Sport Utility VehiHealthy Fast Food Chainle Sales;ER Drama;0.601
11.16.2023;Sport Utility VehiHealthy Fast Food Chainle Sales;ER Drama;0.601
11.23.2023;Healthy Fast Food Chain;Together Forever;0.01
11.23.2023;Healthy Fast Food Chain;Waltzing with the Famous;0.406
11.23.2023;Healthy Fast Food Chain;Waltzing with the Famous;0.406
11.23.2023;Healthy Fast Food Chain;Orlando Vice;0.264
11.23.2023;Healthy Fast Food Chain;Orlando Vice;0.264
11.23.2023;Healthy Fast Food Chain;Maui Five Ten;0.418
11.23.2023;Healthy Fast Food Chain;Maui Five Ten;0.418
11.23.2023;Healthy Fast Food Chain;Family Fraud;0.007
11.23.2023;Healthy Fast Food Chain;My First Home;0.594
11.23.2023;Healthy Fast Food Chain;Freaky Vacations;0.22
11.23.2023;Healthy Fast Food Chain;Freaky Vacations;0.22
11.23.2023;Healthy Fast Food Chain;The Evening Show;0.604
11.23.2023;Healthy Fast Food Chain;Tonight Tonight;0.08
11.23.2023;Healthy Fast Food Chain;Tonight Tonight;0.08
11.23.2023;Healthy Fast Food Chain;Nightly News Stories;0.155
11.23.2023;Healthy Fast Food Chain;Nightly News Stories;0.155
11.23.2023;Healthy Fast Food Chain;Fix and Flip;0.036
11.23.2023;Healthy Fast Food Chain;Fix and Flip;0.036
11.23.2023;Healthy Fast Food Chain;Portable Homes;-0.078
11.23.2023;Healthy Fast Food Chain;Sister Home Sellers;0.398
11.23.2023;Healthy Fast Food Chain;New Gal;-0.089
11.23.2023;Healthy Fast Food Chain;New Gal;-0.089
11.23.2023;Healthy Fast Food Chain;Planet Hypothesis;0.22
11.23.2023;Healthy Fast Food Chain;Planet Hypothesis;0.22
11.23.2023;Healthy Fast Food Chain;ER Drama;0.601
11.23.2023;Home Cleaning Product;Orlando Vice;0.264
11.23.2023;Home Cleaning Product;Orlando Vice;0.264
11.23.2023;Home Cleaning Product;Maui Five Ten;0.418
11.23.2023;Home Cleaning Product;Freaky Vacations;0.22
11.23.2023;Home Cleaning Product;Freaky Vacations;0.22
11.23.2023;Home Cleaning Product;The Evening Show;0.604
11.23.2023;Home Cleaning Product;Late Hours;0.083
11.23.2023;Home Cleaning Product;Fix and Flip;0.036
11.23.2023;Home Cleaning Product;New Gal;-0.089
11.23.2023;Popular Soft Drink;Sister Home Sellers;0.398
11.23.2023;Retail Big Box Store;Together Forever;0.01
11.23.2023;Retail Big Box Store;Together Forever;0.01
11.23.2023;Retail Big Box Store;Orlando Vice;0.264
11.23.2023;Retail Big Box Store;Orlando Vice;0.264
11.23.2023;Retail Big Box Store;Maui Five Ten;0.418
11.23.2023;Retail Big Box Store;Rescue Squad;0.425
11.23.2023;Retail Big Box Store;Family Fraud;0.007
11.23.2023;Retail Big Box Store;My First Home;0.594
11.23.2023;Retail Big Box Store;My First Home;0.594
11.23.2023;Retail Big Box Store;The Young and the Reckless;0.015
11.23.2023;Retail Big Box Store;The Young and the Reckless;0.015
11.23.2023;Retail Big Box Store;Tonight Tonight;0.08
11.23.2023;Retail Big Box Store;Late Hours;0.083
11.23.2023;Retail Big Box Store;Late Hours;0.083
11.23.2023;Retail Big Box Store;Nightly News Stories;0.155
11.23.2023;Retail Big Box Store;Fix and Flip;0.036
11.23.2023;Retail Big Box Store;Fix and Flip;0.036
11.23.2023;Retail Big Box Store;Portable Homes;-0.078
11.23.2023;Retail Big Box Store;Sister Home Sellers;0.398
11.23.2023;Retail Big Box Store;Sister Home Sellers;0.398
11.23.2023;Retail Big Box Store;New Gal;-0.089
11.23.2023;Retail Big Box Store;New Gal;-0.089
11.23.2023;Retail Big Box Store;Planet Hypothesis;0.22
11.23.2023;Retail Big Box Store;Planet Hypothesis;0.22
11.23.2023;Sport Utility VehiHealthy Fast Food Chainle Sales;Together Forever;0.01
11.23.2023;Sport Utility VehiHealthy Fast Food Chainle Sales;Waltzing with the Famous;0.406
11.23.2023;Sport Utility VehiHealthy Fast Food Chainle Sales;Waltzing with the Famous;0.406
11.23.2023;Sport Utility VehiHealthy Fast Food Chainle Sales;Orlando Vice;0.264
11.23.2023;Sport Utility VehiHealthy Fast Food Chainle Sales;Orlando Vice;0.264
11.23.2023;Sport Utility VehiHealthy Fast Food Chainle Sales;Family Fraud;0.007
11.23.2023;Sport Utility VehiHealthy Fast Food Chainle Sales;I Love Betty;-0.089
11.23.2023;Sport Utility VehiHealthy Fast Food Chainle Sales;I Love Betty;-0.089
11.23.2023;Sport Utility VehiHealthy Fast Food Chainle Sales;My First Home;0.594
11.23.2023;Sport Utility VehiHealthy Fast Food Chainle Sales;My First Home;0.594
11.23.2023;Sport Utility VehiHealthy Fast Food Chainle Sales;The Young and the Reckless;0.015
11.23.2023;Sport Utility VehiHealthy Fast Food Chainle Sales;The Young and the Reckless;0.015
11.23.2023;Sport Utility VehiHealthy Fast Food Chainle Sales;The Evening Show;0.604
11.23.2023;Sport Utility VehiHealthy Fast Food Chainle Sales;Tonight Tonight;0.08
11.23.2023;Sport Utility VehiHealthy Fast Food Chainle Sales;Late Hours;0.083
11.23.2023;Sport Utility VehiHealthy Fast Food Chainle Sales;Nightly News Stories;0.155
11.23.2023;Sport Utility VehiHealthy Fast Food Chainle Sales;Nightly News Stories;0.155
11.23.2023;Sport Utility VehiHealthy Fast Food Chainle Sales;Fix and Flip;0.036
11.23.2023;Sport Utility VehiHealthy Fast Food Chainle Sales;Fix and Flip;0.036
11.23.2023;Sport Utility VehiHealthy Fast Food Chainle Sales;Portable Homes;-0.078
11.23.2023;Sport Utility VehiHealthy Fast Food Chainle Sales;Portable Homes;-0.078
11.23.2023;Sport Utility VehiHealthy Fast Food Chainle Sales;Sister Home Sellers;0.398
11.23.2023;Sport Utility VehiHealthy Fast Food Chainle Sales;Sister Home Sellers;0.398
11.23.2023;Sport Utility VehiHealthy Fast Food Chainle Sales;New Gal;-0.089
11.23.2023;Sport Utility VehiHealthy Fast Food Chainle Sales;New Gal;-0.089
11.23.2023;Sport Utility VehiHealthy Fast Food Chainle Sales;Planet Hypothesis;0.22
11.30.2023;Healthy Fast Food Chain;Waltzing with the Famous;0.406
11.30.2023;Healthy Fast Food Chain;Waltzing with the Famous;0.406
11.30.2023;Healthy Fast Food Chain;Orlando Vice;0.264
11.30.2023;Healthy Fast Food Chain;Orlando Vice;0.264
11.30.2023;Healthy Fast Food Chain;Maui Five Ten;0.418
11.30.2023;Healthy Fast Food Chain;Maui Five Ten;0.418
11.30.2023;Healthy Fast Food Chain;Tonight Tonight;0.08
11.30.2023;Healthy Fast Food Chain;Tonight Tonight;0.08
11.30.2023;Healthy Fast Food Chain;Nightly News Stories;0.155
11.30.2023;Healthy Fast Food Chain;Nightly News Stories;0.155
11.30.2023;Healthy Fast Food Chain;Fix and Flip;0.036
11.30.2023;Healthy Fast Food Chain;Fix and Flip;0.036
11.30.2023;Healthy Fast Food Chain;Portable Homes;-0.078
11.30.2023;Healthy Fast Food Chain;Sister Home Sellers;0.398
11.30.2023;Healthy Fast Food Chain;Sister Home Sellers;0.398
11.30.2023;Healthy Fast Food Chain;New Gal;-0.089
11.30.2023;Healthy Fast Food Chain;New Gal;-0.089
11.30.2023;Healthy Fast Food Chain;Planet Hypothesis;0.22
11.30.2023;Healthy Fast Food Chain;Planet Hypothesis;0.22
11.30.2023;Healthy Fast Food Chain;ER Drama;0.601
11.30.2023;Healthy Fast Food Chain;ER Drama;0.601
11.30.2023;Home Cleaning Product;Late Hours;0.083
11.30.2023;Home Cleaning Product;Fix and Flip;0.036
11.30.2023;Home Cleaning Product;Fix and Flip;0.036
11.30.2023;Home Cleaning Product;Sister Home Sellers;0.398
11.30.2023;Home Cleaning Product;New Gal;-0.089
11.30.2023;Online Dating Site;Orlando Vice;0.264
11.30.2023;Online Dating Site;I Love Betty;-0.089
11.30.2023;Online Dating Site;Planet Hypothesis;0.22
11.30.2023;Popular Soft Drink;Nightly News Stories;0.155
11.30.2023;Popular Soft Drink;Fix and Flip;0.036
11.30.2023;Popular Soft Drink;Sister Home Sellers;0.398
11.30.2023;Retail Big Box Store;Maui Five Ten;0.418
11.30.2023;Retail Big Box Store;Late Hours;0.083
11.30.2023;Retail Big Box Store;Nightly News Stories;0.155
11.30.2023;Retail Big Box Store;Fix and Flip;0.036
11.30.2023;Retail Big Box Store;New Gal;-0.089
11.30.2023;Sport Utility VehiHealthy Fast Food Chainle Sales;Together Forever;0.01
11.30.2023;Sport Utility VehiHealthy Fast Food Chainle Sales;Together Forever;0.01
11.30.2023;Sport Utility VehiHealthy Fast Food Chainle Sales;Waltzing with the Famous;0.406
11.30.2023;Sport Utility VehiHealthy Fast Food Chainle Sales;Orlando Vice;0.264
11.30.2023;Sport Utility VehiHealthy Fast Food Chainle Sales;Orlando Vice;0.264
11.30.2023;Sport Utility VehiHealthy Fast Food Chainle Sales;Maui Five Ten;0.418
11.30.2023;Sport Utility VehiHealthy Fast Food Chainle Sales;Maui Five Ten;0.418
11.30.2023;Sport Utility VehiHealthy Fast Food Chainle Sales;Rescue Squad;0.425
11.30.2023;Sport Utility VehiHealthy Fast Food Chainle Sales;Rescue Squad;0.425
11.30.2023;Sport Utility VehiHealthy Fast Food Chainle Sales;Family Fraud;0.007
11.30.2023;Sport Utility VehiHealthy Fast Food Chainle Sales;I Love Betty;-0.089
11.30.2023;Sport Utility VehiHealthy Fast Food Chainle Sales;I Love Betty;-0.089
11.30.2023;Sport Utility VehiHealthy Fast Food Chainle Sales;My First Home;0.594
11.30.2023;Sport Utility VehiHealthy Fast Food Chainle Sales;The Young and the Reckless;0.015
11.30.2023;Sport Utility VehiHealthy Fast Food Chainle Sales;The Young and the Reckless;0.015
11.30.2023;Sport Utility VehiHealthy Fast Food Chainle Sales;The Evening Show;0.604
11.30.2023;Sport Utility VehiHealthy Fast Food Chainle Sales;Tonight Tonight;0.08
11.30.2023;Sport Utility VehiHealthy Fast Food Chainle Sales;Tonight Tonight;0.08
11.30.2023;Sport Utility VehiHealthy Fast Food Chainle Sales;Late Hours;0.083
11.30.2023;Sport Utility VehiHealthy Fast Food Chainle Sales;Nightly News Stories;0.155
11.30.2023;Sport Utility VehiHealthy Fast Food Chainle Sales;Nightly News Stories;0.155
11.30.2023;Sport Utility VehiHealthy Fast Food Chainle Sales;Fix and Flip;0.036
11.30.2023;Sport Utility VehiHealthy Fast Food Chainle Sales;Fix and Flip;0.036
11.30.2023;Sport Utility VehiHealthy Fast Food Chainle Sales;Daybreak Dish;0.074
11.30.2023;Sport Utility VehiHealthy Fast Food Chainle Sales;Portable Homes;-0.078
11.30.2023;Sport Utility VehiHealthy Fast Food Chainle Sales;Portable Homes;-0.078
11.30.2023;Sport Utility VehiHealthy Fast Food Chainle Sales;Sister Home Sellers;0.398
11.30.2023;Sport Utility VehiHealthy Fast Food Chainle Sales;Sister Home Sellers;0.398
11.30.2023;Sport Utility VehiHealthy Fast Food Chainle Sales;New Gal;-0.089
11.30.2023;Sport Utility VehiHealthy Fast Food Chainle Sales;New Gal;-0.089
11.30.2023;Sport Utility VehiHealthy Fast Food Chainle Sales;Planet Hypothesis;0.22
11.30.2023;Sport Utility VehiHealthy Fast Food Chainle Sales;Planet Hypothesis;0.22
11.30.2023;Sport Utility VehiHealthy Fast Food Chainle Sales;ER Drama;0.601
11.30.2023;Sport Utility VehiHealthy Fast Food Chainle Sales;ER Drama;0.601
12.07.2023;Healthy Fast Food Chain;Together Forever;0.01
12.07.2023;Healthy Fast Food Chain;Waltzing with the Famous;0.406
12.07.2023;Healthy Fast Food Chain;Waltzing with the Famous;0.406
12.07.2023;Healthy Fast Food Chain;Orlando Vice;0.264
12.07.2023;Healthy Fast Food Chain;Orlando Vice;0.264
12.07.2023;Healthy Fast Food Chain;Maui Five Ten;0.418
12.07.2023;Healthy Fast Food Chain;Maui Five Ten;0.418
12.07.2023;Healthy Fast Food Chain;The Evening Show;0.604
12.07.2023;Healthy Fast Food Chain;The Evening Show;0.604
12.07.2023;Healthy Fast Food Chain;Tonight Tonight;0.08
12.07.2023;Healthy Fast Food Chain;Tonight Tonight;0.08
12.07.2023;Healthy Fast Food Chain;Nightly News Stories;0.155
12.07.2023;Healthy Fast Food Chain;Nightly News Stories;0.155
12.07.2023;Healthy Fast Food Chain;Fix and Flip;0.036
12.07.2023;Healthy Fast Food Chain;Fix and Flip;0.036
12.07.2023;Healthy Fast Food Chain;Portable Homes;-0.078
12.07.2023;Healthy Fast Food Chain;Sister Home Sellers;0.398
12.07.2023;Healthy Fast Food Chain;New Gal;-0.089
12.07.2023;Healthy Fast Food Chain;New Gal;-0.089
12.07.2023;Healthy Fast Food Chain;Planet Hypothesis;0.22
12.07.2023;Healthy Fast Food Chain;Planet Hypothesis;0.22
12.07.2023;Healthy Fast Food Chain;ER Drama;0.601
12.07.2023;Home Cleaning Product;Waltzing with the Famous;0.406
12.07.2023;Home Cleaning Product;Cannot Fool Me;0.155
12.07.2023;Home Cleaning Product;Orlando Vice;0.264
12.07.2023;Home Cleaning Product;Orlando Vice;0.264
12.07.2023;Home Cleaning Product;Maui Five Ten;0.418
12.07.2023;Home Cleaning Product;I Love Betty;-0.089
12.07.2023;Home Cleaning Product;The Evening Show;0.604
12.07.2023;Home Cleaning Product;Late Hours;0.083
12.07.2023;Home Cleaning Product;Nightly News Stories;0.155
12.07.2023;Home Cleaning Product;Fix and Flip;0.036
12.07.2023;Home Cleaning Product;Fix and Flip;0.036
12.07.2023;Home Cleaning Product;New Gal;-0.089
12.07.2023;Home Cleaning Product;Planet Hypothesis;0.22
12.07.2023;Online Dating Site;Orlando Vice;0.264
12.07.2023;Online Dating Site;I Love Betty;-0.089
12.07.2023;Online Dating Site;Planet Hypothesis;0.22
12.07.2023;Popular Soft Drink;Fix and Flip;0.036
12.07.2023;Popular Soft Drink;Sister Home Sellers;0.398
12.07.2023;Retail Big Box Store;Together Forever;0.01
12.07.2023;Retail Big Box Store;Waltzing with the Famous;0.406
12.07.2023;Retail Big Box Store;Cannot Fool Me;0.155
12.07.2023;Retail Big Box Store;Cannot Fool Me;0.155
12.07.2023;Retail Big Box Store;Maui Five Ten;0.418
12.07.2023;Retail Big Box Store;The Young and the Reckless;0.015
12.07.2023;Retail Big Box Store;Tonight Tonight;0.08
12.07.2023;Retail Big Box Store;Late Hours;0.083
12.07.2023;Retail Big Box Store;Nightly News Stories;0.155
12.07.2023;Retail Big Box Store;Fix and Flip;0.036
12.07.2023;Retail Big Box Store;Fix and Flip;0.036
12.07.2023;Retail Big Box Store;Sister Home Sellers;0.398
12.07.2023;Retail Big Box Store;Sister Home Sellers;0.398
12.07.2023;Retail Big Box Store;New Gal;-0.089
12.07.2023;Sport Utility VehiHealthy Fast Food Chainle Sales;See and Sold;0.353
12.07.2023;Sport Utility VehiHealthy Fast Food Chainle Sales;See and Sold;0.353
12.07.2023;Sport Utility VehiHealthy Fast Food Chainle Sales;Together Forever;0.01
12.07.2023;Sport Utility VehiHealthy Fast Food Chainle Sales;Waltzing with the Famous;0.406
12.07.2023;Sport Utility VehiHealthy Fast Food Chainle Sales;Cannot Fool Me;0.155
12.07.2023;Sport Utility VehiHealthy Fast Food Chainle Sales;Cannot Fool Me;0.155
12.07.2023;Sport Utility VehiHealthy Fast Food Chainle Sales;Orlando Vice;0.264
12.07.2023;Sport Utility VehiHealthy Fast Food Chainle Sales;Maui Five Ten;0.418
12.07.2023;Sport Utility VehiHealthy Fast Food Chainle Sales;Maui Five Ten;0.418
12.07.2023;Sport Utility VehiHealthy Fast Food Chainle Sales;Rescue Squad;0.425
12.07.2023;Sport Utility VehiHealthy Fast Food Chainle Sales;Rescue Squad;0.425
12.07.2023;Sport Utility VehiHealthy Fast Food Chainle Sales;Family Fraud;0.007
12.07.2023;Sport Utility VehiHealthy Fast Food Chainle Sales;I Love Betty;-0.089
12.07.2023;Sport Utility VehiHealthy Fast Food Chainle Sales;I Love Betty;-0.089
12.07.2023;Sport Utility VehiHealthy Fast Food Chainle Sales;Weird Flavors;0.489
12.07.2023;Sport Utility VehiHealthy Fast Food Chainle Sales;Weird Flavors;0.489
12.07.2023;Sport Utility VehiHealthy Fast Food Chainle Sales;The Young and the Reckless;0.015
12.07.2023;Sport Utility VehiHealthy Fast Food Chainle Sales;The Young and the Reckless;0.015
12.07.2023;Sport Utility VehiHealthy Fast Food Chainle Sales;The Evening Show;0.604
12.07.2023;Sport Utility VehiHealthy Fast Food Chainle Sales;Tonight Tonight;0.08
12.07.2023;Sport Utility VehiHealthy Fast Food Chainle Sales;Late Hours;0.083
12.07.2023;Sport Utility VehiHealthy Fast Food Chainle Sales;Nightly News Stories;0.155
12.07.2023;Sport Utility VehiHealthy Fast Food Chainle Sales;Fix and Flip;0.036
12.07.2023;Sport Utility VehiHealthy Fast Food Chainle Sales;Fix and Flip;0.036
12.07.2023;Sport Utility VehiHealthy Fast Food Chainle Sales;Portable Homes;-0.078
12.07.2023;Sport Utility VehiHealthy Fast Food Chainle Sales;Portable Homes;-0.078
12.07.2023;Sport Utility VehiHealthy Fast Food Chainle Sales;Sister Home Sellers;0.398
12.07.2023;Sport Utility VehiHealthy Fast Food Chainle Sales;Sister Home Sellers;0.398
12.07.2023;Sport Utility VehiHealthy Fast Food Chainle Sales;New Gal;-0.089
12.07.2023;Sport Utility VehiHealthy Fast Food Chainle Sales;New Gal;-0.089
12.07.2023;Sport Utility VehiHealthy Fast Food Chainle Sales;Planet Hypothesis;0.22
12.07.2023;Sport Utility VehiHealthy Fast Food Chainle Sales;ER Drama;0.601
12.07.2023;Sport Utility VehiHealthy Fast Food Chainle Sales;ER Drama;0.601
12.14.2023;Healthy Fast Food Chain;Together Forever;0.01
12.14.2023;Healthy Fast Food Chain;Waltzing with the Famous;0.406
12.14.2023;Healthy Fast Food Chain;Waltzing with the Famous;0.406
12.14.2023;Healthy Fast Food Chain;Cannot Fool Me;0.155
12.14.2023;Healthy Fast Food Chain;Orlando Vice;0.264
12.14.2023;Healthy Fast Food Chain;Orlando Vice;0.264
12.14.2023;Healthy Fast Food Chain;Maui Five Ten;0.418
12.14.2023;Healthy Fast Food Chain;Maui Five Ten;0.418
12.14.2023;Healthy Fast Food Chain;Tonight Tonight;0.08
12.14.2023;Healthy Fast Food Chain;Tonight Tonight;0.08
12.14.2023;Healthy Fast Food Chain;Nightly News Stories;0.155
12.14.2023;Healthy Fast Food Chain;Nightly News Stories;0.155
12.14.2023;Healthy Fast Food Chain;Fix and Flip;0.036
12.14.2023;Healthy Fast Food Chain;Fix and Flip;0.036
12.14.2023;Healthy Fast Food Chain;Portable Homes;-0.078
12.14.2023;Healthy Fast Food Chain;Sister Home Sellers;0.398
12.14.2023;Healthy Fast Food Chain;Sister Home Sellers;0.398
12.14.2023;Healthy Fast Food Chain;New Gal;-0.089
12.14.2023;Healthy Fast Food Chain;New Gal;-0.089
12.14.2023;Healthy Fast Food Chain;Planet Hypothesis;0.22
12.14.2023;Healthy Fast Food Chain;Planet Hypothesis;0.22
12.14.2023;Healthy Fast Food Chain;ER Drama;0.601
12.14.2023;Home Cleaning Product;Cannot Fool Me;0.155
12.14.2023;Home Cleaning Product;Maui Five Ten;0.418
12.14.2023;Home Cleaning Product;Late Hours;0.083
12.14.2023;Home Cleaning Product;Late Hours;0.083
12.14.2023;Home Cleaning Product;Nightly News Stories;0.155
12.14.2023;Home Cleaning Product;Fix and Flip;0.036
12.14.2023;Home Cleaning Product;Portable Homes;-0.078
12.14.2023;Home Cleaning Product;New Gal;-0.089
12.14.2023;Home Cleaning Product;Planet Hypothesis;0.22
12.14.2023;Online Dating Site;New Gal;-0.089
12.14.2023;Popular Soft Drink;Sister Home Sellers;0.398
12.14.2023;Retail Big Box Store;Together Forever;0.01
12.14.2023;Retail Big Box Store;Waltzing with the Famous;0.406
12.14.2023;Retail Big Box Store;Cannot Fool Me;0.155
12.14.2023;Retail Big Box Store;Maui Five Ten;0.418
12.14.2023;Retail Big Box Store;Maui Five Ten;0.418
12.14.2023;Retail Big Box Store;Rescue Squad;0.425
12.14.2023;Retail Big Box Store;Family Fraud;0.007
12.14.2023;Retail Big Box Store;The Young and the Reckless;0.015
12.14.2023;Retail Big Box Store;Tonight Tonight;0.08
12.14.2023;Retail Big Box Store;Late Hours;0.083
12.14.2023;Retail Big Box Store;Late Hours;0.083
12.14.2023;Retail Big Box Store;Nightly News Stories;0.155
12.14.2023;Retail Big Box Store;Nightly News Stories;0.155
12.14.2023;Retail Big Box Store;Fix and Flip;0.036
12.14.2023;Retail Big Box Store;Fix and Flip;0.036
12.14.2023;Retail Big Box Store;Sister Home Sellers;0.398
12.14.2023;Retail Big Box Store;Sister Home Sellers;0.398
12.14.2023;Retail Big Box Store;Planet Hypothesis;0.22
12.14.2023;Retail Big Box Store;ER Drama;0.601
12.14.2023;Sport Utility VehiHealthy Fast Food Chainle Sales;Together Forever;0.01
12.14.2023;Sport Utility VehiHealthy Fast Food Chainle Sales;Cannot Fool Me;0.155
12.14.2023;Sport Utility VehiHealthy Fast Food Chainle Sales;Cannot Fool Me;0.155
12.14.2023;Sport Utility VehiHealthy Fast Food Chainle Sales;Orlando Vice;0.264
12.14.2023;Sport Utility VehiHealthy Fast Food Chainle Sales;Orlando Vice;0.264
12.14.2023;Sport Utility VehiHealthy Fast Food Chainle Sales;Maui Five Ten;0.418
12.14.2023;Sport Utility VehiHealthy Fast Food Chainle Sales;Rescue Squad;0.425
12.14.2023;Sport Utility VehiHealthy Fast Food Chainle Sales;Family Fraud;0.007
12.14.2023;Sport Utility VehiHealthy Fast Food Chainle Sales;I Love Betty;-0.089
12.14.2023;Sport Utility VehiHealthy Fast Food Chainle Sales;I Love Betty;-0.089
12.14.2023;Sport Utility VehiHealthy Fast Food Chainle Sales;The Young and the Reckless;0.015
12.14.2023;Sport Utility VehiHealthy Fast Food Chainle Sales;The Young and the Reckless;0.015
12.14.2023;Sport Utility VehiHealthy Fast Food Chainle Sales;Tonight Tonight;0.08
12.14.2023;Sport Utility VehiHealthy Fast Food Chainle Sales;Nightly News Stories;0.155
12.14.2023;Sport Utility VehiHealthy Fast Food Chainle Sales;Nightly News Stories;0.155
12.14.2023;Sport Utility VehiHealthy Fast Food Chainle Sales;Fix and Flip;0.036
12.14.2023;Sport Utility VehiHealthy Fast Food Chainle Sales;Fix and Flip;0.036
12.14.2023;Sport Utility VehiHealthy Fast Food Chainle Sales;Daybreak Dish;0.074
12.14.2023;Sport Utility VehiHealthy Fast Food Chainle Sales;Portable Homes;-0.078
12.14.2023;Sport Utility VehiHealthy Fast Food Chainle Sales;Portable Homes;-0.078
12.14.2023;Sport Utility VehiHealthy Fast Food Chainle Sales;Sister Home Sellers;0.398
12.14.2023;Sport Utility VehiHealthy Fast Food Chainle Sales;Sister Home Sellers;0.398
12.14.2023;Sport Utility VehiHealthy Fast Food Chainle Sales;New Gal;-0.089
12.14.2023;Sport Utility VehiHealthy Fast Food Chainle Sales;New Gal;-0.089
12.14.2023;Sport Utility VehiHealthy Fast Food Chainle Sales;Planet Hypothesis;0.22
12.14.2023;Sport Utility VehiHealthy Fast Food Chainle Sales;Planet Hypothesis;0.22
12.14.2023;Sport Utility VehiHealthy Fast Food Chainle Sales;ER Drama;0.601
12.14.2023;Sport Utility VehiHealthy Fast Food Chainle Sales;ER Drama;0.601
12.21.2023;Healthy Fast Food Chain;Waltzing with the Famous;0.406
12.21.2023;Healthy Fast Food Chain;Waltzing with the Famous;0.406
12.21.2023;Healthy Fast Food Chain;Orlando Vice;0.264
12.21.2023;Healthy Fast Food Chain;Orlando Vice;0.264
12.21.2023;Healthy Fast Food Chain;Maui Five Ten;0.418
12.21.2023;Healthy Fast Food Chain;Maui Five Ten;0.418
12.21.2023;Healthy Fast Food Chain;Tonight Tonight;0.08
12.21.2023;Healthy Fast Food Chain;Nightly News Stories;0.155
12.21.2023;Healthy Fast Food Chain;Nightly News Stories;0.155
12.21.2023;Healthy Fast Food Chain;Fix and Flip;0.036
12.21.2023;Healthy Fast Food Chain;Fix and Flip;0.036
12.21.2023;Healthy Fast Food Chain;Daybreak Dish;0.074
12.21.2023;Healthy Fast Food Chain;Sister Home Sellers;0.398
12.21.2023;Healthy Fast Food Chain;New Gal;-0.089
12.21.2023;Healthy Fast Food Chain;New Gal;-0.089
12.21.2023;Healthy Fast Food Chain;Planet Hypothesis;0.22
12.21.2023;Healthy Fast Food Chain;Planet Hypothesis;0.22
12.21.2023;Home Cleaning Product;Waltzing with the Famous;0.406
12.21.2023;Home Cleaning Product;Cannot Fool Me;0.155
12.21.2023;Home Cleaning Product;Orlando Vice;0.264
12.21.2023;Home Cleaning Product;Maui Five Ten;0.418
12.21.2023;Home Cleaning Product;I Love Betty;-0.089
12.21.2023;Home Cleaning Product;Late Hours;0.083
12.21.2023;Home Cleaning Product;Nightly News Stories;0.155
12.21.2023;Home Cleaning Product;Fix and Flip;0.036
12.21.2023;Home Cleaning Product;Daybreak Dish;0.074
12.21.2023;Home Cleaning Product;Portable Homes;-0.078
12.21.2023;Home Cleaning Product;New Gal;-0.089
12.21.2023;Home Cleaning Product;Planet Hypothesis;0.22
12.21.2023;Home Cleaning Product;Planet Hypothesis;0.22
12.21.2023;Online Dating Site;New Gal;-0.089
12.21.2023;Popular Soft Drink;Sister Home Sellers;0.398
12.21.2023;Retail Big Box Store;Together Forever;0.01
12.21.2023;Retail Big Box Store;Waltzing with the Famous;0.406
12.21.2023;Retail Big Box Store;Waltzing with the Famous;0.406
12.21.2023;Retail Big Box Store;Cannot Fool Me;0.155
12.21.2023;Retail Big Box Store;Orlando Vice;0.264
12.21.2023;Retail Big Box Store;Maui Five Ten;0.418
12.21.2023;Retail Big Box Store;Maui Five Ten;0.418
12.21.2023;Retail Big Box Store;Rescue Squad;0.425
12.21.2023;Retail Big Box Store;Family Fraud;0.007
12.21.2023;Retail Big Box Store;The Young and the Reckless;0.015
12.21.2023;Retail Big Box Store;Tonight Tonight;0.08
12.21.2023;Retail Big Box Store;Late Hours;0.083
12.21.2023;Retail Big Box Store;Late Hours;0.083
12.21.2023;Retail Big Box Store;Nightly News Stories;0.155
12.21.2023;Retail Big Box Store;Fix and Flip;0.036
12.21.2023;Retail Big Box Store;Fix and Flip;0.036
12.21.2023;Retail Big Box Store;Portable Homes;-0.078
12.21.2023;Retail Big Box Store;Sister Home Sellers;0.398
12.21.2023;Retail Big Box Store;Sister Home Sellers;0.398
12.21.2023;Retail Big Box Store;New Gal;-0.089
12.21.2023;Retail Big Box Store;New Gal;-0.089
12.21.2023;Retail Big Box Store;Planet Hypothesis;0.22
12.21.2023;Retail Big Box Store;Planet Hypothesis;0.22
12.21.2023;Sport Utility VehiHealthy Fast Food Chainle Sales;Together Forever;0.01
12.21.2023;Sport Utility VehiHealthy Fast Food Chainle Sales;Waltzing with the Famous;0.406
12.21.2023;Sport Utility VehiHealthy Fast Food Chainle Sales;Cannot Fool Me;0.155
12.21.2023;Sport Utility VehiHealthy Fast Food Chainle Sales;Cannot Fool Me;0.155
12.21.2023;Sport Utility VehiHealthy Fast Food Chainle Sales;Orlando Vice;0.264
12.21.2023;Sport Utility VehiHealthy Fast Food Chainle Sales;Orlando Vice;0.264
12.21.2023;Sport Utility VehiHealthy Fast Food Chainle Sales;Maui Five Ten;0.418
12.21.2023;Sport Utility VehiHealthy Fast Food Chainle Sales;Maui Five Ten;0.418
12.21.2023;Sport Utility VehiHealthy Fast Food Chainle Sales;Rescue Squad;0.425
12.21.2023;Sport Utility VehiHealthy Fast Food Chainle Sales;Rescue Squad;0.425
12.21.2023;Sport Utility VehiHealthy Fast Food Chainle Sales;Family Fraud;0.007
12.21.2023;Sport Utility VehiHealthy Fast Food Chainle Sales;I Love Betty;-0.089
12.21.2023;Sport Utility VehiHealthy Fast Food Chainle Sales;I Love Betty;-0.089
12.21.2023;Sport Utility VehiHealthy Fast Food Chainle Sales;The Young and the Reckless;0.015
12.21.2023;Sport Utility VehiHealthy Fast Food Chainle Sales;The Young and the Reckless;0.015
12.21.2023;Sport Utility VehiHealthy Fast Food Chainle Sales;Tonight Tonight;0.08
12.21.2023;Sport Utility VehiHealthy Fast Food Chainle Sales;Nightly News Stories;0.155
12.21.2023;Sport Utility VehiHealthy Fast Food Chainle Sales;Nightly News Stories;0.155
12.21.2023;Sport Utility VehiHealthy Fast Food Chainle Sales;Fix and Flip;0.036
12.21.2023;Sport Utility VehiHealthy Fast Food Chainle Sales;Fix and Flip;0.036
12.21.2023;Sport Utility VehiHealthy Fast Food Chainle Sales;Daybreak Dish;0.074
12.21.2023;Sport Utility VehiHealthy Fast Food Chainle Sales;Daybreak Dish;0.074
12.21.2023;Sport Utility VehiHealthy Fast Food Chainle Sales;Portable Homes;-0.078
12.21.2023;Sport Utility VehiHealthy Fast Food Chainle Sales;Portable Homes;-0.078
12.21.2023;Sport Utility VehiHealthy Fast Food Chainle Sales;Sister Home Sellers;0.398
12.21.2023;Sport Utility VehiHealthy Fast Food Chainle Sales;Sister Home Sellers;0.398
12.21.2023;Sport Utility VehiHealthy Fast Food Chainle Sales;New Gal;-0.089
12.21.2023;Sport Utility VehiHealthy Fast Food Chainle Sales;New Gal;-0.089
12.21.2023;Sport Utility VehiHealthy Fast Food Chainle Sales;Planet Hypothesis;0.22
12.21.2023;Sport Utility VehiHealthy Fast Food Chainle Sales;Planet Hypothesis;0.22
12.28.2023;Healthy Fast Food Chain;See and Sold;0.353
12.28.2023;Healthy Fast Food Chain;Maui Five Ten;0.418
12.28.2023;Healthy Fast Food Chain;Tonight Tonight;0.08
12.28.2023;Healthy Fast Food Chain;Nightly News Stories;0.155
12.28.2023;Healthy Fast Food Chain;Fix and Flip;0.036
12.28.2023;Healthy Fast Food Chain;Daybreak Dish;0.074
12.28.2023;Healthy Fast Food Chain;Sister Home Sellers;0.398
12.28.2023;Healthy Fast Food Chain;New Gal;-0.089
12.28.2023;Healthy Fast Food Chain;Planet Hypothesis;0.22
12.28.2023;Retail Big Box Store;Waltzing with the Famous;0.406
12.28.2023;Retail Big Box Store;Cannot Fool Me;0.155
12.28.2023;Retail Big Box Store;Orlando Vice;0.264
12.28.2023;Retail Big Box Store;Maui Five Ten;0.418
12.28.2023;Retail Big Box Store;Maui Five Ten;0.418
12.28.2023;Retail Big Box Store;My First Home;0.594
12.28.2023;Retail Big Box Store;The Young and the Reckless;0.015
12.28.2023;Retail Big Box Store;Late Hours;0.083
12.28.2023;Retail Big Box Store;Nightly News Stories;0.155
12.28.2023;Retail Big Box Store;Fix and Flip;0.036
12.28.2023;Retail Big Box Store;Fix and Flip;0.036
12.28.2023;Retail Big Box Store;Sister Home Sellers;0.398
12.28.2023;Retail Big Box Store;Sister Home Sellers;0.398
12.28.2023;Retail Big Box Store;New Gal;-0.089
12.28.2023;Retail Big Box Store;Planet Hypothesis;0.22
12.28.2023;Sport Utility VehiHealthy Fast Food Chainle Sales;See and Sold;0.353
12.28.2023;Sport Utility VehiHealthy Fast Food Chainle Sales;See and Sold;0.353
12.28.2023;Sport Utility VehiHealthy Fast Food Chainle Sales;Together Forever;0.01
12.28.2023;Sport Utility VehiHealthy Fast Food Chainle Sales;Waltzing with the Famous;0.406
12.28.2023;Sport Utility VehiHealthy Fast Food Chainle Sales;Waltzing with the Famous;0.406
12.28.2023;Sport Utility VehiHealthy Fast Food Chainle Sales;Maui Five Ten;0.418
12.28.2023;Sport Utility VehiHealthy Fast Food Chainle Sales;I Love Betty;-0.089
12.28.2023;Sport Utility VehiHealthy Fast Food Chainle Sales;I Love Betty;-0.089
12.28.2023;Sport Utility VehiHealthy Fast Food Chainle Sales;My First Home;0.594
12.28.2023;Sport Utility VehiHealthy Fast Food Chainle Sales;Nightly News Stories;0.155
12.28.2023;Sport Utility VehiHealthy Fast Food Chainle Sales;Nightly News Stories;0.155
12.28.2023;Sport Utility VehiHealthy Fast Food Chainle Sales;Fix and Flip;0.036
12.28.2023;Sport Utility VehiHealthy Fast Food Chainle Sales;Daybreak Dish;0.074
12.28.2023;Sport Utility VehiHealthy Fast Food Chainle Sales;Daybreak Dish;0.074
12.28.2023;Sport Utility VehiHealthy Fast Food Chainle Sales;Portable Homes;-0.078
12.28.2023;Sport Utility VehiHealthy Fast Food Chainle Sales;Portable Homes;-0.078
12.28.2023;Sport Utility VehiHealthy Fast Food Chainle Sales;Sister Home Sellers;0.398
12.28.2023;Sport Utility VehiHealthy Fast Food Chainle Sales;Sister Home Sellers;0.398
12.28.2023;Sport Utility VehiHealthy Fast Food Chainle Sales;Planet Hypothesis;0.22
12.28.2023;Sport Utility VehiHealthy Fast Food Chainle Sales;ER Drama;0.601
01.04.2024;Healthy Fast Food Chain;See and Sold;0.353
01.04.2024;Healthy Fast Food Chain;Waltzing with the Famous;0.406
01.04.2024;Healthy Fast Food Chain;Orlando Vice;0.264
01.04.2024;Healthy Fast Food Chain;Orlando Vice;0.264
01.04.2024;Healthy Fast Food Chain;Maui Five Ten;0.418
01.04.2024;Healthy Fast Food Chain;Food Fantasy in France;0.067
01.04.2024;Healthy Fast Food Chain;Tonight Tonight;0.08
01.04.2024;Healthy Fast Food Chain;Nightly News Stories;0.155
01.04.2024;Healthy Fast Food Chain;Fix and Flip;0.036
01.04.2024;Healthy Fast Food Chain;Fix and Flip;0.036
01.04.2024;Healthy Fast Food Chain;Daybreak Dish;0.074
01.04.2024;Healthy Fast Food Chain;Sister Home Sellers;0.398
01.04.2024;Healthy Fast Food Chain;New Gal;-0.089
01.04.2024;Healthy Fast Food Chain;New Gal;-0.089
01.04.2024;Healthy Fast Food Chain;Planet Hypothesis;0.22
01.04.2024;Healthy Fast Food Chain;Planet Hypothesis;0.22
01.04.2024;Healthy Fast Food Chain;ER Drama;0.601
01.04.2024;Popular Soft Drink;Fix and Flip;0.036
01.04.2024;Popular Soft Drink;Sister Home Sellers;0.398
01.04.2024;Retail Big Box Store;See and Sold;0.353
01.04.2024;Retail Big Box Store;Together Forever;0.01
01.04.2024;Retail Big Box Store;Together Forever;0.01
01.04.2024;Retail Big Box Store;Waltzing with the Famous;0.406
01.04.2024;Retail Big Box Store;Maui Five Ten;0.418
01.04.2024;Retail Big Box Store;Food Fantasy in France;0.067
01.04.2024;Retail Big Box Store;The Young and the Reckless;0.015
01.04.2024;Retail Big Box Store;Tonight Tonight;0.08
01.04.2024;Retail Big Box Store;Late Hours;0.083
01.04.2024;Retail Big Box Store;Nightly News Stories;0.155
01.04.2024;Retail Big Box Store;Fix and Flip;0.036
01.04.2024;Retail Big Box Store;Daybreak Dish;0.074
01.04.2024;Retail Big Box Store;Sister Home Sellers;0.398
01.04.2024;Retail Big Box Store;Planet Hypothesis;0.22
01.04.2024;Retail Big Box Store;Planet Hypothesis;0.22
01.04.2024;Retail Big Box Store;ER Drama;0.601
01.04.2024;Sport Utility VehiHealthy Fast Food Chainle Sales;See and Sold;0.353
01.04.2024;Sport Utility VehiHealthy Fast Food Chainle Sales;See and Sold;0.353
01.04.2024;Sport Utility VehiHealthy Fast Food Chainle Sales;Together Forever;0.01
01.04.2024;Sport Utility VehiHealthy Fast Food Chainle Sales;Waltzing with the Famous;0.406
01.04.2024;Sport Utility VehiHealthy Fast Food Chainle Sales;Waltzing with the Famous;0.406
01.04.2024;Sport Utility VehiHealthy Fast Food Chainle Sales;Cannot Fool Me;0.155
01.04.2024;Sport Utility VehiHealthy Fast Food Chainle Sales;Orlando Vice;0.264
01.04.2024;Sport Utility VehiHealthy Fast Food Chainle Sales;Maui Five Ten;0.418
01.04.2024;Sport Utility VehiHealthy Fast Food Chainle Sales;Family Fraud;0.007
01.04.2024;Sport Utility VehiHealthy Fast Food Chainle Sales;I Love Betty;-0.089
01.04.2024;Sport Utility VehiHealthy Fast Food Chainle Sales;Food Fantasy in France;0.067
01.04.2024;Sport Utility VehiHealthy Fast Food Chainle Sales;Food Fantasy in France;0.067
01.04.2024;Sport Utility VehiHealthy Fast Food Chainle Sales;The Young and the Reckless;0.015
01.04.2024;Sport Utility VehiHealthy Fast Food Chainle Sales;Tonight Tonight;0.08
01.04.2024;Sport Utility VehiHealthy Fast Food Chainle Sales;Late Hours;0.083
01.04.2024;Sport Utility VehiHealthy Fast Food Chainle Sales;Nightly News Stories;0.155
01.04.2024;Sport Utility VehiHealthy Fast Food Chainle Sales;Fix and Flip;0.036
01.04.2024;Sport Utility VehiHealthy Fast Food Chainle Sales;Fix and Flip;0.036
01.04.2024;Sport Utility VehiHealthy Fast Food Chainle Sales;Daybreak Dish;0.074
01.04.2024;Sport Utility VehiHealthy Fast Food Chainle Sales;Portable Homes;-0.078
01.04.2024;Sport Utility VehiHealthy Fast Food Chainle Sales;Sister Home Sellers;0.398
01.04.2024;Sport Utility VehiHealthy Fast Food Chainle Sales;New Gal;-0.089
01.04.2024;Sport Utility VehiHealthy Fast Food Chainle Sales;Planet Hypothesis;0.22
01.04.2024;Sport Utility VehiHealthy Fast Food Chainle Sales;Planet Hypothesis;0.22
01.11.2024;Healthy Fast Food Chain;Orlando Vice;0.264
01.11.2024;Healthy Fast Food Chain;Food Fantasy in France;0.067
01.11.2024;Healthy Fast Food Chain;Food Fantasy in France;0.067
01.11.2024;Healthy Fast Food Chain;Tonight Tonight;0.08
01.11.2024;Healthy Fast Food Chain;Nightly News Stories;0.155
01.11.2024;Healthy Fast Food Chain;Fix and Flip;0.036
01.11.2024;Healthy Fast Food Chain;Fix and Flip;0.036
01.11.2024;Healthy Fast Food Chain;Daybreak Dish;0.074
01.11.2024;Healthy Fast Food Chain;Sister Home Sellers;0.398
01.11.2024;Healthy Fast Food Chain;Sister Home Sellers;0.398
01.11.2024;Healthy Fast Food Chain;New Gal;-0.089
01.11.2024;Healthy Fast Food Chain;New Gal;-0.089
01.11.2024;Healthy Fast Food Chain;Planet Hypothesis;0.22
01.11.2024;Healthy Fast Food Chain;Planet Hypothesis;0.22
01.11.2024;Healthy Fast Food Chain;ER Drama;0.601
01.11.2024;Popular Soft Drink;Waltzing with the Famous;0.406
01.11.2024;Popular Soft Drink;Maui Five Ten;0.418
01.11.2024;Popular Soft Drink;Fix and Flip;0.036
01.11.2024;Popular Soft Drink;Sister Home Sellers;0.398
01.11.2024;Retail Big Box Store;See and Sold;0.353
01.11.2024;Retail Big Box Store;Together Forever;0.01
01.11.2024;Retail Big Box Store;Waltzing with the Famous;0.406
01.11.2024;Retail Big Box Store;Waltzing with the Famous;0.406
01.11.2024;Retail Big Box Store;Cannot Fool Me;0.155
01.11.2024;Retail Big Box Store;Orlando Vice;0.264
01.11.2024;Retail Big Box Store;Maui Five Ten;0.418
01.11.2024;Retail Big Box Store;Maui Five Ten;0.418
01.11.2024;Retail Big Box Store;Family Fraud;0.007
01.11.2024;Retail Big Box Store;Tonight Tonight;0.08
01.11.2024;Retail Big Box Store;Late Hours;0.083
01.11.2024;Retail Big Box Store;Late Hours;0.083
01.11.2024;Retail Big Box Store;Nightly News Stories;0.155
01.11.2024;Retail Big Box Store;Fix and Flip;0.036
01.11.2024;Retail Big Box Store;Fix and Flip;0.036
01.11.2024;Retail Big Box Store;Daybreak Dish;0.074
01.11.2024;Retail Big Box Store;Portable Homes;-0.078
01.11.2024;Retail Big Box Store;Portable Homes;-0.078
01.11.2024;Retail Big Box Store;Sister Home Sellers;0.398
01.11.2024;Retail Big Box Store;Sister Home Sellers;0.398
01.11.2024;Retail Big Box Store;New Gal;-0.089
01.11.2024;Retail Big Box Store;New Gal;-0.089
01.11.2024;Retail Big Box Store;Planet Hypothesis;0.22
01.11.2024;Retail Big Box Store;Planet Hypothesis;0.22
01.11.2024;Sport Utility VehiHealthy Fast Food Chainle Sales;See and Sold;0.353
01.11.2024;Sport Utility VehiHealthy Fast Food Chainle Sales;See and Sold;0.353
01.11.2024;Sport Utility VehiHealthy Fast Food Chainle Sales;Together Forever;0.01
01.11.2024;Sport Utility VehiHealthy Fast Food Chainle Sales;Waltzing with the Famous;0.406
01.11.2024;Sport Utility VehiHealthy Fast Food Chainle Sales;Waltzing with the Famous;0.406
01.11.2024;Sport Utility VehiHealthy Fast Food Chainle Sales;Cannot Fool Me;0.155
01.11.2024;Sport Utility VehiHealthy Fast Food Chainle Sales;Cannot Fool Me;0.155
01.11.2024;Sport Utility VehiHealthy Fast Food Chainle Sales;Orlando Vice;0.264
01.11.2024;Sport Utility VehiHealthy Fast Food Chainle Sales;Orlando Vice;0.264
01.11.2024;Sport Utility VehiHealthy Fast Food Chainle Sales;Maui Five Ten;0.418
01.11.2024;Sport Utility VehiHealthy Fast Food Chainle Sales;Maui Five Ten;0.418
01.11.2024;Sport Utility VehiHealthy Fast Food Chainle Sales;Family Fraud;0.007
01.11.2024;Sport Utility VehiHealthy Fast Food Chainle Sales;I Love Betty;-0.089
01.11.2024;Sport Utility VehiHealthy Fast Food Chainle Sales;I Love Betty;-0.089
01.11.2024;Sport Utility VehiHealthy Fast Food Chainle Sales;Food Fantasy in France;0.067
01.11.2024;Sport Utility VehiHealthy Fast Food Chainle Sales;Tonight Tonight;0.08
01.11.2024;Sport Utility VehiHealthy Fast Food Chainle Sales;Tonight Tonight;0.08
01.11.2024;Sport Utility VehiHealthy Fast Food Chainle Sales;Late Hours;0.083
01.11.2024;Sport Utility VehiHealthy Fast Food Chainle Sales;Nightly News Stories;0.155
01.11.2024;Sport Utility VehiHealthy Fast Food Chainle Sales;Nightly News Stories;0.155
01.11.2024;Sport Utility VehiHealthy Fast Food Chainle Sales;Fix and Flip;0.036
01.11.2024;Sport Utility VehiHealthy Fast Food Chainle Sales;Fix and Flip;0.036
01.11.2024;Sport Utility VehiHealthy Fast Food Chainle Sales;Daybreak Dish;0.074
01.11.2024;Sport Utility VehiHealthy Fast Food Chainle Sales;Daybreak Dish;0.074
01.11.2024;Sport Utility VehiHealthy Fast Food Chainle Sales;Portable Homes;-0.078
01.11.2024;Sport Utility VehiHealthy Fast Food Chainle Sales;Sister Home Sellers;0.398
01.11.2024;Sport Utility VehiHealthy Fast Food Chainle Sales;Sister Home Sellers;0.398
01.11.2024;Sport Utility VehiHealthy Fast Food Chainle Sales;New Gal;-0.089
01.11.2024;Sport Utility VehiHealthy Fast Food Chainle Sales;New Gal;-0.089
01.11.2024;Sport Utility VehiHealthy Fast Food Chainle Sales;Planet Hypothesis;0.22
01.11.2024;Sport Utility VehiHealthy Fast Food Chainle Sales;Planet Hypothesis;0.22
01.11.2024;Sport Utility VehiHealthy Fast Food Chainle Sales;ER Drama;0.601
01.11.2024;Sport Utility VehiHealthy Fast Food Chainle Sales;ER Drama;0.601
1.18.2024;Healthy Fast Food Chain;See and Sold;0.353
1.18.2024;Healthy Fast Food Chain;Waltzing with the Famous;0.406
1.18.2024;Healthy Fast Food Chain;Orlando Vice;0.264
1.18.2024;Healthy Fast Food Chain;Maui Five Ten;0.418
1.18.2024;Healthy Fast Food Chain;Maui Five Ten;0.418
1.18.2024;Healthy Fast Food Chain;Food Fantasy in France;0.067
1.18.2024;Healthy Fast Food Chain;Weird Flavors;0.489
1.18.2024;Healthy Fast Food Chain;Weird Flavors;0.489
1.18.2024;Healthy Fast Food Chain;Nightly News Stories;0.155
1.18.2024;Healthy Fast Food Chain;Nightly News Stories;0.155
1.18.2024;Healthy Fast Food Chain;Fix and Flip;0.036
1.18.2024;Healthy Fast Food Chain;Fix and Flip;0.036
1.18.2024;Healthy Fast Food Chain;Daybreak Dish;0.074
1.18.2024;Healthy Fast Food Chain;Sister Home Sellers;0.398
1.18.2024;Healthy Fast Food Chain;New Gal;-0.089
1.18.2024;Healthy Fast Food Chain;New Gal;-0.089
1.18.2024;Healthy Fast Food Chain;Planet Hypothesis;0.22
1.18.2024;Healthy Fast Food Chain;Planet Hypothesis;0.22
1.18.2024;Healthy Fast Food Chain;ER Drama;0.601
1.18.2024;Home Cleaning Product;Cannot Fool Me;0.155
1.18.2024;Home Cleaning Product;Fix and Flip;0.036
1.18.2024;Home Cleaning Product;Portable Homes;-0.078
1.18.2024;Popular Soft Drink;Waltzing with the Famous;0.406
1.18.2024;Popular Soft Drink;Fix and Flip;0.036
1.18.2024;Popular Soft Drink;Sister Home Sellers;0.398
1.18.2024;Retail Big Box Store;See and Sold;0.353
1.18.2024;Retail Big Box Store;See and Sold;0.353
1.18.2024;Retail Big Box Store;Together Forever;0.01
1.18.2024;Retail Big Box Store;Waltzing with the Famous;0.406
1.18.2024;Retail Big Box Store;Waltzing with the Famous;0.406
1.18.2024;Retail Big Box Store;Cannot Fool Me;0.155
1.18.2024;Retail Big Box Store;Cannot Fool Me;0.155
1.18.2024;Retail Big Box Store;Orlando Vice;0.264
1.18.2024;Retail Big Box Store;Maui Five Ten;0.418
1.18.2024;Retail Big Box Store;Maui Five Ten;0.418
1.18.2024;Retail Big Box Store;Family Fraud;0.007
1.18.2024;Retail Big Box Store;I Love Betty;-0.089
1.18.2024;Retail Big Box Store;Tonight Tonight;0.08
1.18.2024;Retail Big Box Store;Late Hours;0.083
1.18.2024;Retail Big Box Store;Late Hours;0.083
1.18.2024;Retail Big Box Store;Nightly News Stories;0.155
1.18.2024;Retail Big Box Store;Fix and Flip;0.036
1.18.2024;Retail Big Box Store;Fix and Flip;0.036
1.18.2024;Retail Big Box Store;Portable Homes;-0.078
1.18.2024;Retail Big Box Store;Sister Home Sellers;0.398
1.18.2024;Retail Big Box Store;Sister Home Sellers;0.398
1.18.2024;Retail Big Box Store;New Gal;-0.089
1.18.2024;Retail Big Box Store;Planet Hypothesis;0.22
1.18.2024;Retail Big Box Store;Planet Hypothesis;0.22
1.18.2024;Retail Big Box Store;ER Drama;0.601
1.18.2024;Sport Utility VehiHealthy Fast Food Chainle Sales;See and Sold;0.353
1.18.2024;Sport Utility VehiHealthy Fast Food Chainle Sales;See and Sold;0.353
1.18.2024;Sport Utility VehiHealthy Fast Food Chainle Sales;Together Forever;0.01
1.18.2024;Sport Utility VehiHealthy Fast Food Chainle Sales;Together Forever;0.01
1.18.2024;Sport Utility VehiHealthy Fast Food Chainle Sales;Waltzing with the Famous;0.406
1.18.2024;Sport Utility VehiHealthy Fast Food Chainle Sales;Waltzing with the Famous;0.406
1.18.2024;Sport Utility VehiHealthy Fast Food Chainle Sales;Cannot Fool Me;0.155
1.18.2024;Sport Utility VehiHealthy Fast Food Chainle Sales;Cannot Fool Me;0.155
1.18.2024;Sport Utility VehiHealthy Fast Food Chainle Sales;Orlando Vice;0.264
1.18.2024;Sport Utility VehiHealthy Fast Food Chainle Sales;Orlando Vice;0.264
1.18.2024;Sport Utility VehiHealthy Fast Food Chainle Sales;Maui Five Ten;0.418
1.18.2024;Sport Utility VehiHealthy Fast Food Chainle Sales;Family Fraud;0.007
1.18.2024;Sport Utility VehiHealthy Fast Food Chainle Sales;I Love Betty;-0.089
1.18.2024;Sport Utility VehiHealthy Fast Food Chainle Sales;I Love Betty;-0.089
1.18.2024;Sport Utility VehiHealthy Fast Food Chainle Sales;Food Fantasy in France;0.067
1.18.2024;Sport Utility VehiHealthy Fast Food Chainle Sales;Weird Flavors;0.489
1.18.2024;Sport Utility VehiHealthy Fast Food Chainle Sales;Tonight Tonight;0.08
1.18.2024;Sport Utility VehiHealthy Fast Food Chainle Sales;Tonight Tonight;0.08
1.18.2024;Sport Utility VehiHealthy Fast Food Chainle Sales;Late Hours;0.083
1.18.2024;Sport Utility VehiHealthy Fast Food Chainle Sales;Nightly News Stories;0.155
1.18.2024;Sport Utility VehiHealthy Fast Food Chainle Sales;Nightly News Stories;0.155
1.18.2024;Sport Utility VehiHealthy Fast Food Chainle Sales;Fix and Flip;0.036
1.18.2024;Sport Utility VehiHealthy Fast Food Chainle Sales;Fix and Flip;0.036
1.18.2024;Sport Utility VehiHealthy Fast Food Chainle Sales;Daybreak Dish;0.074
1.18.2024;Sport Utility VehiHealthy Fast Food Chainle Sales;Daybreak Dish;0.074
1.18.2024;Sport Utility VehiHealthy Fast Food Chainle Sales;Portable Homes;-0.078
1.18.2024;Sport Utility VehiHealthy Fast Food Chainle Sales;Portable Homes;-0.078
1.18.2024;Sport Utility VehiHealthy Fast Food Chainle Sales;Sister Home Sellers;0.398
1.18.2024;Sport Utility VehiHealthy Fast Food Chainle Sales;Sister Home Sellers;0.398
1.18.2024;Sport Utility VehiHealthy Fast Food Chainle Sales;New Gal;-0.089
1.18.2024;Sport Utility VehiHealthy Fast Food Chainle Sales;New Gal;-0.089
1.18.2024;Sport Utility VehiHealthy Fast Food Chainle Sales;Planet Hypothesis;0.22
1.18.2024;Sport Utility VehiHealthy Fast Food Chainle Sales;Planet Hypothesis;0.22
1.18.2024;Sport Utility VehiHealthy Fast Food Chainle Sales;ER Drama;0.601
1.18.2024;Sport Utility VehiHealthy Fast Food Chainle Sales;ER Drama;0.601
1.25.2024;Healthy Fast Food Chain;See and Sold;0.353
1.25.2024;Healthy Fast Food Chain;Waltzing with the Famous;0.406
1.25.2024;Healthy Fast Food Chain;Waltzing with the Famous;0.406
1.25.2024;Healthy Fast Food Chain;Orlando Vice;0.264
1.25.2024;Healthy Fast Food Chain;Orlando Vice;0.264
1.25.2024;Healthy Fast Food Chain;Maui Five Ten;0.418
1.25.2024;Healthy Fast Food Chain;Maui Five Ten;0.418
1.25.2024;Healthy Fast Food Chain;I Love Betty;-0.089
1.25.2024;Healthy Fast Food Chain;Food Fantasy in France;0.067
1.25.2024;Healthy Fast Food Chain;Food Fantasy in France;0.067
1.25.2024;Healthy Fast Food Chain;Weird Flavors;0.489
1.25.2024;Healthy Fast Food Chain;Nightly News Stories;0.155
1.25.2024;Healthy Fast Food Chain;Fix and Flip;0.036
1.25.2024;Healthy Fast Food Chain;Fix and Flip;0.036
1.25.2024;Healthy Fast Food Chain;Sister Home Sellers;0.398
1.25.2024;Healthy Fast Food Chain;New Gal;-0.089
1.25.2024;Healthy Fast Food Chain;New Gal;-0.089
1.25.2024;Healthy Fast Food Chain;Planet Hypothesis;0.22
1.25.2024;Healthy Fast Food Chain;Planet Hypothesis;0.22
1.25.2024;Healthy Fast Food Chain;ER Drama;0.601
1.25.2024;Home Cleaning Product;Late Hours;0.083
1.25.2024;Home Cleaning Product;Portable Homes;-0.078
1.25.2024;Popular Soft Drink;Waltzing with the Famous;0.406
1.25.2024;Popular Soft Drink;Fix and Flip;0.036
1.25.2024;Popular Soft Drink;Sister Home Sellers;0.398
1.25.2024;Retail Big Box Store;See and Sold;0.353
1.25.2024;Retail Big Box Store;See and Sold;0.353
1.25.2024;Retail Big Box Store;Together Forever;0.01
1.25.2024;Retail Big Box Store;Together Forever;0.01
1.25.2024;Retail Big Box Store;Waltzing with the Famous;0.406
1.25.2024;Retail Big Box Store;Cannot Fool Me;0.155
1.25.2024;Retail Big Box Store;Cannot Fool Me;0.155
1.25.2024;Retail Big Box Store;Orlando Vice;0.264
1.25.2024;Retail Big Box Store;Maui Five Ten;0.418
1.25.2024;Retail Big Box Store;Maui Five Ten;0.418
1.25.2024;Retail Big Box Store;Neighborhood Patrol;0.314
1.25.2024;Retail Big Box Store;Family Fraud;0.007
1.25.2024;Retail Big Box Store;Family Fraud;0.007
1.25.2024;Retail Big Box Store;I Love Betty;-0.089
1.25.2024;Retail Big Box Store;My First Home;0.594
1.25.2024;Retail Big Box Store;Food Fantasy in France;0.067
1.25.2024;Retail Big Box Store;Food Fantasy in France;0.067
1.25.2024;Retail Big Box Store;Tonight Tonight;0.08
1.25.2024;Retail Big Box Store;Late Hours;0.083
1.25.2024;Retail Big Box Store;Nightly News Stories;0.155
1.25.2024;Retail Big Box Store;Fix and Flip;0.036
1.25.2024;Retail Big Box Store;Fix and Flip;0.036
1.25.2024;Retail Big Box Store;Portable Homes;-0.078
1.25.2024;Retail Big Box Store;Sister Home Sellers;0.398
1.25.2024;Retail Big Box Store;Sister Home Sellers;0.398
1.25.2024;Retail Big Box Store;New Gal;-0.089
1.25.2024;Retail Big Box Store;New Gal;-0.089
1.25.2024;Retail Big Box Store;Planet Hypothesis;0.22
1.25.2024;Retail Big Box Store;Planet Hypothesis;0.22
1.25.2024;Sport Utility VehiHealthy Fast Food Chainle Sales;See and Sold;0.353
1.25.2024;Sport Utility VehiHealthy Fast Food Chainle Sales;See and Sold;0.353
1.25.2024;Sport Utility VehiHealthy Fast Food Chainle Sales;Together Forever;0.01
1.25.2024;Sport Utility VehiHealthy Fast Food Chainle Sales;Together Forever;0.01
1.25.2024;Sport Utility VehiHealthy Fast Food Chainle Sales;Waltzing with the Famous;0.406
1.25.2024;Sport Utility VehiHealthy Fast Food Chainle Sales;Waltzing with the Famous;0.406
1.25.2024;Sport Utility VehiHealthy Fast Food Chainle Sales;Cannot Fool Me;0.155
1.25.2024;Sport Utility VehiHealthy Fast Food Chainle Sales;Cannot Fool Me;0.155
1.25.2024;Sport Utility VehiHealthy Fast Food Chainle Sales;Orlando Vice;0.264
1.25.2024;Sport Utility VehiHealthy Fast Food Chainle Sales;Maui Five Ten;0.418
1.25.2024;Sport Utility VehiHealthy Fast Food Chainle Sales;Maui Five Ten;0.418
1.25.2024;Sport Utility VehiHealthy Fast Food Chainle Sales;Rescue Squad;0.425
1.25.2024;Sport Utility VehiHealthy Fast Food Chainle Sales;Neighborhood Patrol;0.314
1.25.2024;Sport Utility VehiHealthy Fast Food Chainle Sales;Neighborhood Patrol;0.314
1.25.2024;Sport Utility VehiHealthy Fast Food Chainle Sales;Family Fraud;0.007
1.25.2024;Sport Utility VehiHealthy Fast Food Chainle Sales;I Love Betty;-0.089
1.25.2024;Sport Utility VehiHealthy Fast Food Chainle Sales;I Love Betty;-0.089
1.25.2024;Sport Utility VehiHealthy Fast Food Chainle Sales;My First Home;0.594
1.25.2024;Sport Utility VehiHealthy Fast Food Chainle Sales;Food Fantasy in France;0.067
1.25.2024;Sport Utility VehiHealthy Fast Food Chainle Sales;Weird Flavors;0.489
1.25.2024;Sport Utility VehiHealthy Fast Food Chainle Sales;Tonight Tonight;0.08
1.25.2024;Sport Utility VehiHealthy Fast Food Chainle Sales;Tonight Tonight;0.08
1.25.2024;Sport Utility VehiHealthy Fast Food Chainle Sales;Nightly News Stories;0.155
1.25.2024;Sport Utility VehiHealthy Fast Food Chainle Sales;Nightly News Stories;0.155
1.25.2024;Sport Utility VehiHealthy Fast Food Chainle Sales;Fix and Flip;0.036
1.25.2024;Sport Utility VehiHealthy Fast Food Chainle Sales;Fix and Flip;0.036
1.25.2024;Sport Utility VehiHealthy Fast Food Chainle Sales;Daybreak Dish;0.074
1.25.2024;Sport Utility VehiHealthy Fast Food Chainle Sales;Portable Homes;-0.078
1.25.2024;Sport Utility VehiHealthy Fast Food Chainle Sales;Portable Homes;-0.078
1.25.2024;Sport Utility VehiHealthy Fast Food Chainle Sales;Sister Home Sellers;0.398
1.25.2024;Sport Utility VehiHealthy Fast Food Chainle Sales;Sister Home Sellers;0.398
1.25.2024;Sport Utility VehiHealthy Fast Food Chainle Sales;New Gal;-0.089
1.25.2024;Sport Utility VehiHealthy Fast Food Chainle Sales;New Gal;-0.089
1.25.2024;Sport Utility VehiHealthy Fast Food Chainle Sales;Planet Hypothesis;0.22
1.25.2024;Sport Utility VehiHealthy Fast Food Chainle Sales;Planet Hypothesis;0.22
1.25.2024;Sport Utility VehiHealthy Fast Food Chainle Sales;ER Drama;0.601
1.25.2024;Sport Utility VehiHealthy Fast Food Chainle Sales;ER Drama;0.601
02.01.2024;Healthy Fast Food Chain;Together Forever;0.01
02.01.2024;Healthy Fast Food Chain;Neighborhood Patrol;0.314
02.01.2024;Healthy Fast Food Chain;I Love Betty;-0.089
02.01.2024;Healthy Fast Food Chain;Tonight Tonight;0.08
02.01.2024;Healthy Fast Food Chain;Fix and Flip;0.036
02.01.2024;Healthy Fast Food Chain;Daybreak Dish;0.074
02.01.2024;Healthy Fast Food Chain;Sister Home Sellers;0.398
02.01.2024;Healthy Fast Food Chain;New Gal;-0.089
02.01.2024;Healthy Fast Food Chain;Planet Hypothesis;0.22
02.01.2024;Retail Big Box Store;See and Sold;0.353
02.01.2024;Retail Big Box Store;Together Forever;0.01
02.01.2024;Retail Big Box Store;Together Forever;0.01
02.01.2024;Retail Big Box Store;Waltzing with the Famous;0.406
02.01.2024;Retail Big Box Store;Waltzing with the Famous;0.406
02.01.2024;Retail Big Box Store;Cannot Fool Me;0.155
02.01.2024;Retail Big Box Store;Cannot Fool Me;0.155
02.01.2024;Retail Big Box Store;Orlando Vice;0.264
02.01.2024;Retail Big Box Store;Orlando Vice;0.264
02.01.2024;Retail Big Box Store;Maui Five Ten;0.418
02.01.2024;Retail Big Box Store;Rescue Squad;0.425
02.01.2024;Retail Big Box Store;Neighborhood Patrol;0.314
02.01.2024;Retail Big Box Store;Family Fraud;0.007
02.01.2024;Retail Big Box Store;Family Fraud;0.007
02.01.2024;Retail Big Box Store;I Love Betty;-0.089
02.01.2024;Retail Big Box Store;My First Home;0.594
02.01.2024;Retail Big Box Store;Food Fantasy in France;0.067
02.01.2024;Retail Big Box Store;Weird Flavors;0.489
02.01.2024;Retail Big Box Store;Tonight Tonight;0.08
02.01.2024;Retail Big Box Store;Late Hours;0.083
02.01.2024;Retail Big Box Store;Late Hours;0.083
02.01.2024;Retail Big Box Store;Nightly News Stories;0.155
02.01.2024;Retail Big Box Store;Nightly News Stories;0.155
02.01.2024;Retail Big Box Store;Fix and Flip;0.036
02.01.2024;Retail Big Box Store;Fix and Flip;0.036
02.01.2024;Retail Big Box Store;Daybreak Dish;0.074
02.01.2024;Retail Big Box Store;Sister Home Sellers;0.398
02.01.2024;Retail Big Box Store;Sister Home Sellers;0.398
02.01.2024;Retail Big Box Store;New Gal;-0.089
02.01.2024;Retail Big Box Store;New Gal;-0.089
02.01.2024;Retail Big Box Store;Planet Hypothesis;0.22
02.01.2024;Retail Big Box Store;Planet Hypothesis;0.22
02.01.2024;Retail Big Box Store;ER Drama;0.601
02.01.2024;Sport Utility VehiHealthy Fast Food Chainle Sales;See and Sold;0.353
02.01.2024;Sport Utility VehiHealthy Fast Food Chainle Sales;Together Forever;0.01
02.01.2024;Sport Utility VehiHealthy Fast Food Chainle Sales;Together Forever;0.01
02.01.2024;Sport Utility VehiHealthy Fast Food Chainle Sales;Waltzing with the Famous;0.406
02.01.2024;Sport Utility VehiHealthy Fast Food Chainle Sales;Waltzing with the Famous;0.406
02.01.2024;Sport Utility VehiHealthy Fast Food Chainle Sales;Cannot Fool Me;0.155
02.01.2024;Sport Utility VehiHealthy Fast Food Chainle Sales;Cannot Fool Me;0.155
02.01.2024;Sport Utility VehiHealthy Fast Food Chainle Sales;Orlando Vice;0.264
02.01.2024;Sport Utility VehiHealthy Fast Food Chainle Sales;Orlando Vice;0.264
02.01.2024;Sport Utility VehiHealthy Fast Food Chainle Sales;Maui Five Ten;0.418
02.01.2024;Sport Utility VehiHealthy Fast Food Chainle Sales;Maui Five Ten;0.418
02.01.2024;Sport Utility VehiHealthy Fast Food Chainle Sales;Neighborhood Patrol;0.314
02.01.2024;Sport Utility VehiHealthy Fast Food Chainle Sales;Neighborhood Patrol;0.314
02.01.2024;Sport Utility VehiHealthy Fast Food Chainle Sales;Family Fraud;0.007
02.01.2024;Sport Utility VehiHealthy Fast Food Chainle Sales;I Love Betty;-0.089
02.01.2024;Sport Utility VehiHealthy Fast Food Chainle Sales;I Love Betty;-0.089
02.01.2024;Sport Utility VehiHealthy Fast Food Chainle Sales;My First Home;0.594
02.01.2024;Sport Utility VehiHealthy Fast Food Chainle Sales;Food Fantasy in France;0.067
02.01.2024;Sport Utility VehiHealthy Fast Food Chainle Sales;Food Fantasy in France;0.067
02.01.2024;Sport Utility VehiHealthy Fast Food Chainle Sales;Weird Flavors;0.489
02.01.2024;Sport Utility VehiHealthy Fast Food Chainle Sales;Tonight Tonight;0.08
02.01.2024;Sport Utility VehiHealthy Fast Food Chainle Sales;Nightly News Stories;0.155
02.01.2024;Sport Utility VehiHealthy Fast Food Chainle Sales;Fix and Flip;0.036
02.01.2024;Sport Utility VehiHealthy Fast Food Chainle Sales;Fix and Flip;0.036
02.01.2024;Sport Utility VehiHealthy Fast Food Chainle Sales;Daybreak Dish;0.074
02.01.2024;Sport Utility VehiHealthy Fast Food Chainle Sales;Portable Homes;-0.078
02.01.2024;Sport Utility VehiHealthy Fast Food Chainle Sales;Portable Homes;-0.078
02.01.2024;Sport Utility VehiHealthy Fast Food Chainle Sales;Sister Home Sellers;0.398
02.01.2024;Sport Utility VehiHealthy Fast Food Chainle Sales;Sister Home Sellers;0.398
02.01.2024;Sport Utility VehiHealthy Fast Food Chainle Sales;New Gal;-0.089
02.01.2024;Sport Utility VehiHealthy Fast Food Chainle Sales;New Gal;-0.089
02.01.2024;Sport Utility VehiHealthy Fast Food Chainle Sales;Planet Hypothesis;0.22
02.01.2024;Sport Utility VehiHealthy Fast Food Chainle Sales;ER Drama;0.601
02.01.2024;Sport Utility VehiHealthy Fast Food Chainle Sales;ER Drama;0.601
02.08.2024;Healthy Fast Food Chain;Waltzing with the Famous;0.406
02.08.2024;Healthy Fast Food Chain;Maui Five Ten;0.418
02.08.2024;Healthy Fast Food Chain;I Love Betty;-0.089
02.08.2024;Healthy Fast Food Chain;Food Fantasy in France;0.067
02.08.2024;Healthy Fast Food Chain;Fix and Flip;0.036
02.08.2024;Healthy Fast Food Chain;Portable Homes;-0.078
02.08.2024;Healthy Fast Food Chain;Portable Homes;-0.078
02.08.2024;Healthy Fast Food Chain;Sister Home Sellers;0.398
02.08.2024;Healthy Fast Food Chain;New Gal;-0.089
02.08.2024;Healthy Fast Food Chain;ER Drama;0.601
02.08.2024;Home Cleaning Product;Fix and Flip;0.036
02.08.2024;Home Cleaning Product;Planet Hypothesis;0.22
02.08.2024;Popular Soft Drink;Fix and Flip;0.036
02.08.2024;Popular Soft Drink;Sister Home Sellers;0.398
02.08.2024;Retail Big Box Store;Together Forever;0.01
02.08.2024;Retail Big Box Store;Waltzing with the Famous;0.406
02.08.2024;Retail Big Box Store;Cannot Fool Me;0.155
02.08.2024;Retail Big Box Store;Cannot Fool Me;0.155
02.08.2024;Retail Big Box Store;Orlando Vice;0.264
02.08.2024;Retail Big Box Store;Orlando Vice;0.264
02.08.2024;Retail Big Box Store;Maui Five Ten;0.418
02.08.2024;Retail Big Box Store;Maui Five Ten;0.418
02.08.2024;Retail Big Box Store;Rescue Squad;0.425
02.08.2024;Retail Big Box Store;Family Fraud;0.007
02.08.2024;Retail Big Box Store;My First Home;0.594
02.08.2024;Retail Big Box Store;Food Fantasy in France;0.067
02.08.2024;Retail Big Box Store;Food Fantasy in France;0.067
02.08.2024;Retail Big Box Store;Weird Flavors;0.489
02.08.2024;Retail Big Box Store;Tonight Tonight;0.08
02.08.2024;Retail Big Box Store;Late Hours;0.083
02.08.2024;Retail Big Box Store;Late Hours;0.083
02.08.2024;Retail Big Box Store;Nightly News Stories;0.155
02.08.2024;Retail Big Box Store;Nightly News Stories;0.155
02.08.2024;Retail Big Box Store;Fix and Flip;0.036
02.08.2024;Retail Big Box Store;Fix and Flip;0.036
02.08.2024;Retail Big Box Store;Daybreak Dish;0.074
02.08.2024;Retail Big Box Store;Portable Homes;-0.078
02.08.2024;Retail Big Box Store;Sister Home Sellers;0.398
02.08.2024;Retail Big Box Store;Sister Home Sellers;0.398
02.08.2024;Retail Big Box Store;New Gal;-0.089
02.08.2024;Retail Big Box Store;Planet Hypothesis;0.22
02.08.2024;Retail Big Box Store;Planet Hypothesis;0.22
02.08.2024;Retail Big Box Store;ER Drama;0.601
02.08.2024;Sport Utility VehiHealthy Fast Food Chainle Sales;See and Sold;0.353
02.08.2024;Sport Utility VehiHealthy Fast Food Chainle Sales;See and Sold;0.353
02.08.2024;Sport Utility VehiHealthy Fast Food Chainle Sales;Together Forever;0.01
02.08.2024;Sport Utility VehiHealthy Fast Food Chainle Sales;Together Forever;0.01
02.08.2024;Sport Utility VehiHealthy Fast Food Chainle Sales;Waltzing with the Famous;0.406
02.08.2024;Sport Utility VehiHealthy Fast Food Chainle Sales;Waltzing with the Famous;0.406
02.08.2024;Sport Utility VehiHealthy Fast Food Chainle Sales;Cannot Fool Me;0.155
02.08.2024;Sport Utility VehiHealthy Fast Food Chainle Sales;Cannot Fool Me;0.155
02.08.2024;Sport Utility VehiHealthy Fast Food Chainle Sales;Orlando Vice;0.264
02.08.2024;Sport Utility VehiHealthy Fast Food Chainle Sales;Orlando Vice;0.264
02.08.2024;Sport Utility VehiHealthy Fast Food Chainle Sales;Maui Five Ten;0.418
02.08.2024;Sport Utility VehiHealthy Fast Food Chainle Sales;Maui Five Ten;0.418
02.08.2024;Sport Utility VehiHealthy Fast Food Chainle Sales;Neighborhood Patrol;0.314
02.08.2024;Sport Utility VehiHealthy Fast Food Chainle Sales;Neighborhood Patrol;0.314
02.08.2024;Sport Utility VehiHealthy Fast Food Chainle Sales;Family Fraud;0.007
02.08.2024;Sport Utility VehiHealthy Fast Food Chainle Sales;I Love Betty;-0.089
02.08.2024;Sport Utility VehiHealthy Fast Food Chainle Sales;I Love Betty;-0.089
02.08.2024;Sport Utility VehiHealthy Fast Food Chainle Sales;My First Home;0.594
02.08.2024;Sport Utility VehiHealthy Fast Food Chainle Sales;My First Home;0.594
02.08.2024;Sport Utility VehiHealthy Fast Food Chainle Sales;Food Fantasy in France;0.067
02.08.2024;Sport Utility VehiHealthy Fast Food Chainle Sales;Food Fantasy in France;0.067
02.08.2024;Sport Utility VehiHealthy Fast Food Chainle Sales;Weird Flavors;0.489
02.08.2024;Sport Utility VehiHealthy Fast Food Chainle Sales;Weird Flavors;0.489
02.08.2024;Sport Utility VehiHealthy Fast Food Chainle Sales;Tonight Tonight;0.08
02.08.2024;Sport Utility VehiHealthy Fast Food Chainle Sales;Tonight Tonight;0.08
02.08.2024;Sport Utility VehiHealthy Fast Food Chainle Sales;Late Hours;0.083
02.08.2024;Sport Utility VehiHealthy Fast Food Chainle Sales;Nightly News Stories;0.155
02.08.2024;Sport Utility VehiHealthy Fast Food Chainle Sales;Nightly News Stories;0.155
02.08.2024;Sport Utility VehiHealthy Fast Food Chainle Sales;Fix and Flip;0.036
02.08.2024;Sport Utility VehiHealthy Fast Food Chainle Sales;Fix and Flip;0.036
02.08.2024;Sport Utility VehiHealthy Fast Food Chainle Sales;Daybreak Dish;0.074
02.08.2024;Sport Utility VehiHealthy Fast Food Chainle Sales;Portable Homes;-0.078
02.08.2024;Sport Utility VehiHealthy Fast Food Chainle Sales;Portable Homes;-0.078
02.08.2024;Sport Utility VehiHealthy Fast Food Chainle Sales;Sister Home Sellers;0.398
02.08.2024;Sport Utility VehiHealthy Fast Food Chainle Sales;Sister Home Sellers;0.398
02.08.2024;Sport Utility VehiHealthy Fast Food Chainle Sales;New Gal;-0.089
02.08.2024;Sport Utility VehiHealthy Fast Food Chainle Sales;New Gal;-0.089
02.08.2024;Sport Utility VehiHealthy Fast Food Chainle Sales;Planet Hypothesis;0.22
02.08.2024;Sport Utility VehiHealthy Fast Food Chainle Sales;Planet Hypothesis;0.22
02.08.2024;Sport Utility VehiHealthy Fast Food Chainle Sales;ER Drama;0.601
02.08.2024;Sport Utility VehiHealthy Fast Food Chainle Sales;ER Drama;0.601
2.15.2024;Healthy Fast Food Chain;See and Sold;0.353
2.15.2024;Healthy Fast Food Chain;Waltzing with the Famous;0.406
2.15.2024;Healthy Fast Food Chain;Waltzing with the Famous;0.406
2.15.2024;Healthy Fast Food Chain;Cannot Fool Me;0.155
2.15.2024;Healthy Fast Food Chain;Orlando Vice;0.264
2.15.2024;Healthy Fast Food Chain;Neighborhood Patrol;0.314
2.15.2024;Healthy Fast Food Chain;Nightly News Stories;0.155
2.15.2024;Healthy Fast Food Chain;Fix and Flip;0.036
2.15.2024;Healthy Fast Food Chain;Fix and Flip;0.036
2.15.2024;Healthy Fast Food Chain;Portable Homes;-0.078
2.15.2024;Healthy Fast Food Chain;Portable Homes;-0.078
2.15.2024;Healthy Fast Food Chain;Sister Home Sellers;0.398
2.15.2024;Healthy Fast Food Chain;New Gal;-0.089
2.15.2024;Healthy Fast Food Chain;New Gal;-0.089
2.15.2024;Healthy Fast Food Chain;Planet Hypothesis;0.22
2.15.2024;Healthy Fast Food Chain;ER Drama;0.601
2.15.2024;Healthy Fast Food Chain;ER Drama;0.601
2.15.2024;Home Cleaning Product;Together Forever;0.01
2.15.2024;Home Cleaning Product;Fix and Flip;0.036
2.15.2024;Home Cleaning Product;Planet Hypothesis;0.22
2.15.2024;Online Dating Site;Weird Flavors;0.489
2.15.2024;Popular Soft Drink;Fix and Flip;0.036
2.15.2024;Popular Soft Drink;Sister Home Sellers;0.398
2.15.2024;Retail Big Box Store;See and Sold;0.353
2.15.2024;Retail Big Box Store;Together Forever;0.01
2.15.2024;Retail Big Box Store;Together Forever;0.01
2.15.2024;Retail Big Box Store;Waltzing with the Famous;0.406
2.15.2024;Retail Big Box Store;Waltzing with the Famous;0.406
2.15.2024;Retail Big Box Store;Cannot Fool Me;0.155
2.15.2024;Retail Big Box Store;Cannot Fool Me;0.155
2.15.2024;Retail Big Box Store;Orlando Vice;0.264
2.15.2024;Retail Big Box Store;Orlando Vice;0.264
2.15.2024;Retail Big Box Store;Maui Five Ten;0.418
2.15.2024;Retail Big Box Store;Family Fraud;0.007
2.15.2024;Retail Big Box Store;My First Home;0.594
2.15.2024;Retail Big Box Store;Food Fantasy in France;0.067
2.15.2024;Retail Big Box Store;Food Fantasy in France;0.067
2.15.2024;Retail Big Box Store;Weird Flavors;0.489
2.15.2024;Retail Big Box Store;Tonight Tonight;0.08
2.15.2024;Retail Big Box Store;Tonight Tonight;0.08
2.15.2024;Retail Big Box Store;Late Hours;0.083
2.15.2024;Retail Big Box Store;Late Hours;0.083
2.15.2024;Retail Big Box Store;Nightly News Stories;0.155
2.15.2024;Retail Big Box Store;Fix and Flip;0.036
2.15.2024;Retail Big Box Store;Fix and Flip;0.036
2.15.2024;Retail Big Box Store;Sister Home Sellers;0.398
2.15.2024;Retail Big Box Store;Sister Home Sellers;0.398
2.15.2024;Retail Big Box Store;New Gal;-0.089
2.15.2024;Retail Big Box Store;Planet Hypothesis;0.22
2.15.2024;Retail Big Box Store;Planet Hypothesis;0.22
2.15.2024;Retail Big Box Store;ER Drama;0.601
2.15.2024;Sport Utility VehiHealthy Fast Food Chainle Sales;See and Sold;0.353
2.15.2024;Sport Utility VehiHealthy Fast Food Chainle Sales;See and Sold;0.353
2.15.2024;Sport Utility VehiHealthy Fast Food Chainle Sales;Together Forever;0.01
2.15.2024;Sport Utility VehiHealthy Fast Food Chainle Sales;Waltzing with the Famous;0.406
2.15.2024;Sport Utility VehiHealthy Fast Food Chainle Sales;Waltzing with the Famous;0.406
2.15.2024;Sport Utility VehiHealthy Fast Food Chainle Sales;Cannot Fool Me;0.155
2.15.2024;Sport Utility VehiHealthy Fast Food Chainle Sales;Cannot Fool Me;0.155
2.15.2024;Sport Utility VehiHealthy Fast Food Chainle Sales;Orlando Vice;0.264
2.15.2024;Sport Utility VehiHealthy Fast Food Chainle Sales;Orlando Vice;0.264
2.15.2024;Sport Utility VehiHealthy Fast Food Chainle Sales;Maui Five Ten;0.418
2.15.2024;Sport Utility VehiHealthy Fast Food Chainle Sales;Maui Five Ten;0.418
2.15.2024;Sport Utility VehiHealthy Fast Food Chainle Sales;I Love Betty;-0.089
2.15.2024;Sport Utility VehiHealthy Fast Food Chainle Sales;I Love Betty;-0.089
2.15.2024;Sport Utility VehiHealthy Fast Food Chainle Sales;My First Home;0.594
2.15.2024;Sport Utility VehiHealthy Fast Food Chainle Sales;My First Home;0.594
2.15.2024;Sport Utility VehiHealthy Fast Food Chainle Sales;Tonight Tonight;0.08
2.15.2024;Sport Utility VehiHealthy Fast Food Chainle Sales;Tonight Tonight;0.08
2.15.2024;Sport Utility VehiHealthy Fast Food Chainle Sales;Late Hours;0.083
2.15.2024;Sport Utility VehiHealthy Fast Food Chainle Sales;Nightly News Stories;0.155
2.15.2024;Sport Utility VehiHealthy Fast Food Chainle Sales;Fix and Flip;0.036
2.15.2024;Sport Utility VehiHealthy Fast Food Chainle Sales;Fix and Flip;0.036
2.15.2024;Sport Utility VehiHealthy Fast Food Chainle Sales;Daybreak Dish;0.074
2.15.2024;Sport Utility VehiHealthy Fast Food Chainle Sales;Portable Homes;-0.078
2.15.2024;Sport Utility VehiHealthy Fast Food Chainle Sales;Portable Homes;-0.078
2.15.2024;Sport Utility VehiHealthy Fast Food Chainle Sales;Sister Home Sellers;0.398
2.15.2024;Sport Utility VehiHealthy Fast Food Chainle Sales;Sister Home Sellers;0.398
2.15.2024;Sport Utility VehiHealthy Fast Food Chainle Sales;New Gal;-0.089
2.15.2024;Sport Utility VehiHealthy Fast Food Chainle Sales;New Gal;-0.089
2.15.2024;Sport Utility VehiHealthy Fast Food Chainle Sales;Planet Hypothesis;0.22
2.15.2024;Sport Utility VehiHealthy Fast Food Chainle Sales;ER Drama;0.601
2.15.2024;Sport Utility VehiHealthy Fast Food Chainle Sales;ER Drama;0.601
2.22.2024;Healthy Fast Food Chain;See and Sold;0.353
2.22.2024;Healthy Fast Food Chain;Waltzing with the Famous;0.406
2.22.2024;Healthy Fast Food Chain;Cannot Fool Me;0.155
2.22.2024;Healthy Fast Food Chain;Orlando Vice;0.264
2.22.2024;Healthy Fast Food Chain;Orlando Vice;0.264
2.22.2024;Healthy Fast Food Chain;Maui Five Ten;0.418
2.22.2024;Healthy Fast Food Chain;Neighborhood Patrol;0.314
2.22.2024;Healthy Fast Food Chain;Neighborhood Patrol;0.314
2.22.2024;Healthy Fast Food Chain;Food Fantasy in France;0.067
2.22.2024;Healthy Fast Food Chain;The Evening Show;0.604
2.22.2024;Healthy Fast Food Chain;Nightly News Stories;0.155
2.22.2024;Healthy Fast Food Chain;Fix and Flip;0.036
2.22.2024;Healthy Fast Food Chain;Fix and Flip;0.036
2.22.2024;Healthy Fast Food Chain;Portable Homes;-0.078
2.22.2024;Healthy Fast Food Chain;New Gal;-0.089
2.22.2024;Healthy Fast Food Chain;Planet Hypothesis;0.22
2.22.2024;Healthy Fast Food Chain;Planet Hypothesis;0.22
2.22.2024;Healthy Fast Food Chain;ER Drama;0.601
2.22.2024;Popular Soft Drink;Fix and Flip;0.036
2.22.2024;Popular Soft Drink;Sister Home Sellers;0.398
2.22.2024;Retail Big Box Store;Waltzing with the Famous;0.406
2.22.2024;Retail Big Box Store;Cannot Fool Me;0.155
2.22.2024;Retail Big Box Store;Orlando Vice;0.264
2.22.2024;Retail Big Box Store;Maui Five Ten;0.418
2.22.2024;Retail Big Box Store;Rescue Squad;0.425
2.22.2024;Retail Big Box Store;My First Home;0.594
2.22.2024;Retail Big Box Store;Food Fantasy in France;0.067
2.22.2024;Retail Big Box Store;Weird Flavors;0.489
2.22.2024;Retail Big Box Store;The Evening Show;0.604
2.22.2024;Retail Big Box Store;Late Hours;0.083
2.22.2024;Retail Big Box Store;Nightly News Stories;0.155
2.22.2024;Retail Big Box Store;Fix and Flip;0.036
2.22.2024;Retail Big Box Store;Sister Home Sellers;0.398
2.22.2024;Retail Big Box Store;Planet Hypothesis;0.22
2.22.2024;Retail Big Box Store;ER Drama;0.601
2.22.2024;Sport Utility VehiHealthy Fast Food Chainle Sales;See and Sold;0.353
2.22.2024;Sport Utility VehiHealthy Fast Food Chainle Sales;Together Forever;0.01
2.22.2024;Sport Utility VehiHealthy Fast Food Chainle Sales;Together Forever;0.01
2.22.2024;Sport Utility VehiHealthy Fast Food Chainle Sales;Waltzing with the Famous;0.406
2.22.2024;Sport Utility VehiHealthy Fast Food Chainle Sales;Waltzing with the Famous;0.406
2.22.2024;Sport Utility VehiHealthy Fast Food Chainle Sales;Cannot Fool Me;0.155
2.22.2024;Sport Utility VehiHealthy Fast Food Chainle Sales;Cannot Fool Me;0.155
2.22.2024;Sport Utility VehiHealthy Fast Food Chainle Sales;Orlando Vice;0.264
2.22.2024;Sport Utility VehiHealthy Fast Food Chainle Sales;Orlando Vice;0.264
2.22.2024;Sport Utility VehiHealthy Fast Food Chainle Sales;Maui Five Ten;0.418
2.22.2024;Sport Utility VehiHealthy Fast Food Chainle Sales;Maui Five Ten;0.418
2.22.2024;Sport Utility VehiHealthy Fast Food Chainle Sales;Rescue Squad;0.425
2.22.2024;Sport Utility VehiHealthy Fast Food Chainle Sales;Rescue Squad;0.425
2.22.2024;Sport Utility VehiHealthy Fast Food Chainle Sales;Neighborhood Patrol;0.314
2.22.2024;Sport Utility VehiHealthy Fast Food Chainle Sales;Neighborhood Patrol;0.314
2.22.2024;Sport Utility VehiHealthy Fast Food Chainle Sales;Family Fraud;0.007
2.22.2024;Sport Utility VehiHealthy Fast Food Chainle Sales;I Love Betty;-0.089
2.22.2024;Sport Utility VehiHealthy Fast Food Chainle Sales;I Love Betty;-0.089
2.22.2024;Sport Utility VehiHealthy Fast Food Chainle Sales;My First Home;0.594
2.22.2024;Sport Utility VehiHealthy Fast Food Chainle Sales;Food Fantasy in France;0.067
2.22.2024;Sport Utility VehiHealthy Fast Food Chainle Sales;Weird Flavors;0.489
2.22.2024;Sport Utility VehiHealthy Fast Food Chainle Sales;The Evening Show;0.604
2.22.2024;Sport Utility VehiHealthy Fast Food Chainle Sales;The Evening Show;0.604
2.22.2024;Sport Utility VehiHealthy Fast Food Chainle Sales;Tonight Tonight;0.08
2.22.2024;Sport Utility VehiHealthy Fast Food Chainle Sales;Late Hours;0.083
2.22.2024;Sport Utility VehiHealthy Fast Food Chainle Sales;Nightly News Stories;0.155
2.22.2024;Sport Utility VehiHealthy Fast Food Chainle Sales;Nightly News Stories;0.155
2.22.2024;Sport Utility VehiHealthy Fast Food Chainle Sales;Fix and Flip;0.036
2.22.2024;Sport Utility VehiHealthy Fast Food Chainle Sales;Fix and Flip;0.036
2.22.2024;Sport Utility VehiHealthy Fast Food Chainle Sales;Daybreak Dish;0.074
2.22.2024;Sport Utility VehiHealthy Fast Food Chainle Sales;Daybreak Dish;0.074
2.22.2024;Sport Utility VehiHealthy Fast Food Chainle Sales;Portable Homes;-0.078
2.22.2024;Sport Utility VehiHealthy Fast Food Chainle Sales;Portable Homes;-0.078
2.22.2024;Sport Utility VehiHealthy Fast Food Chainle Sales;Sister Home Sellers;0.398
2.22.2024;Sport Utility VehiHealthy Fast Food Chainle Sales;Sister Home Sellers;0.398
2.22.2024;Sport Utility VehiHealthy Fast Food Chainle Sales;New Gal;-0.089
2.22.2024;Sport Utility VehiHealthy Fast Food Chainle Sales;New Gal;-0.089
2.22.2024;Sport Utility VehiHealthy Fast Food Chainle Sales;Planet Hypothesis;0.22
2.22.2024;Sport Utility VehiHealthy Fast Food Chainle Sales;Planet Hypothesis;0.22
2.22.2024;Sport Utility VehiHealthy Fast Food Chainle Sales;ER Drama;0.601
2.22.2024;Sport Utility VehiHealthy Fast Food Chainle Sales;ER Drama;0.601
2.29.2024;Healthy Fast Food Chain;See and Sold;0.353
2.29.2024;Healthy Fast Food Chain;Cannot Fool Me;0.155
2.29.2024;Healthy Fast Food Chain;Orlando Vice;0.264
2.29.2024;Healthy Fast Food Chain;Neighborhood Patrol;0.314
2.29.2024;Healthy Fast Food Chain;Food Fantasy in France;0.067
2.29.2024;Healthy Fast Food Chain;Food Fantasy in France;0.067
2.29.2024;Healthy Fast Food Chain;Weird Flavors;0.489
2.29.2024;Healthy Fast Food Chain;The Evening Show;0.604
2.29.2024;Healthy Fast Food Chain;The Evening Show;0.604
2.29.2024;Healthy Fast Food Chain;Fix and Flip;0.036
2.29.2024;Healthy Fast Food Chain;Fix and Flip;0.036
2.29.2024;Healthy Fast Food Chain;Portable Homes;-0.078
2.29.2024;Healthy Fast Food Chain;Portable Homes;-0.078
2.29.2024;Healthy Fast Food Chain;Sister Home Sellers;0.398
2.29.2024;Healthy Fast Food Chain;New Gal;-0.089
2.29.2024;Healthy Fast Food Chain;New Gal;-0.089
2.29.2024;Healthy Fast Food Chain;Planet Hypothesis;0.22
2.29.2024;Healthy Fast Food Chain;ER Drama;0.601
2.29.2024;Healthy Fast Food Chain;ER Drama;0.601
2.29.2024;Popular Soft Drink;Fix and Flip;0.036
2.29.2024;Popular Soft Drink;Sister Home Sellers;0.398
2.29.2024;Retail Big Box Store;See and Sold;0.353
2.29.2024;Retail Big Box Store;Together Forever;0.01
2.29.2024;Retail Big Box Store;Waltzing with the Famous;0.406
2.29.2024;Retail Big Box Store;Waltzing with the Famous;0.406
2.29.2024;Retail Big Box Store;Cannot Fool Me;0.155
2.29.2024;Retail Big Box Store;Cannot Fool Me;0.155
2.29.2024;Retail Big Box Store;Orlando Vice;0.264
2.29.2024;Retail Big Box Store;Maui Five Ten;0.418
2.29.2024;Retail Big Box Store;Maui Five Ten;0.418
2.29.2024;Retail Big Box Store;Rescue Squad;0.425
2.29.2024;Retail Big Box Store;Neighborhood Patrol;0.314
2.29.2024;Retail Big Box Store;Family Fraud;0.007
2.29.2024;Retail Big Box Store;My First Home;0.594
2.29.2024;Retail Big Box Store;Food Fantasy in France;0.067
2.29.2024;Retail Big Box Store;Weird Flavors;0.489
2.29.2024;Retail Big Box Store;The Evening Show;0.604
2.29.2024;Retail Big Box Store;Late Hours;0.083
2.29.2024;Retail Big Box Store;Nightly News Stories;0.155
2.29.2024;Retail Big Box Store;Nightly News Stories;0.155
2.29.2024;Retail Big Box Store;Fix and Flip;0.036
2.29.2024;Retail Big Box Store;Fix and Flip;0.036
2.29.2024;Retail Big Box Store;Portable Homes;-0.078
2.29.2024;Retail Big Box Store;Sister Home Sellers;0.398
2.29.2024;Retail Big Box Store;Sister Home Sellers;0.398
2.29.2024;Retail Big Box Store;Planet Hypothesis;0.22
2.29.2024;Retail Big Box Store;Planet Hypothesis;0.22
2.29.2024;Retail Big Box Store;ER Drama;0.601
2.29.2024;Sport Utility VehiHealthy Fast Food Chainle Sales;Together Forever;0.01
2.29.2024;Sport Utility VehiHealthy Fast Food Chainle Sales;Together Forever;0.01
2.29.2024;Sport Utility VehiHealthy Fast Food Chainle Sales;Waltzing with the Famous;0.406
2.29.2024;Sport Utility VehiHealthy Fast Food Chainle Sales;Waltzing with the Famous;0.406
2.29.2024;Sport Utility VehiHealthy Fast Food Chainle Sales;Cannot Fool Me;0.155
2.29.2024;Sport Utility VehiHealthy Fast Food Chainle Sales;Cannot Fool Me;0.155
2.29.2024;Sport Utility VehiHealthy Fast Food Chainle Sales;Orlando Vice;0.264
2.29.2024;Sport Utility VehiHealthy Fast Food Chainle Sales;Orlando Vice;0.264
2.29.2024;Sport Utility VehiHealthy Fast Food Chainle Sales;Maui Five Ten;0.418
2.29.2024;Sport Utility VehiHealthy Fast Food Chainle Sales;Maui Five Ten;0.418
2.29.2024;Sport Utility VehiHealthy Fast Food Chainle Sales;Rescue Squad;0.425
2.29.2024;Sport Utility VehiHealthy Fast Food Chainle Sales;Neighborhood Patrol;0.314
2.29.2024;Sport Utility VehiHealthy Fast Food Chainle Sales;Neighborhood Patrol;0.314
2.29.2024;Sport Utility VehiHealthy Fast Food Chainle Sales;Family Fraud;0.007
2.29.2024;Sport Utility VehiHealthy Fast Food Chainle Sales;I Love Betty;-0.089
2.29.2024;Sport Utility VehiHealthy Fast Food Chainle Sales;I Love Betty;-0.089
2.29.2024;Sport Utility VehiHealthy Fast Food Chainle Sales;My First Home;0.594
2.29.2024;Sport Utility VehiHealthy Fast Food Chainle Sales;My First Home;0.594
2.29.2024;Sport Utility VehiHealthy Fast Food Chainle Sales;Weird Flavors;0.489
2.29.2024;Sport Utility VehiHealthy Fast Food Chainle Sales;The Evening Show;0.604
2.29.2024;Sport Utility VehiHealthy Fast Food Chainle Sales;The Evening Show;0.604
2.29.2024;Sport Utility VehiHealthy Fast Food Chainle Sales;Tonight Tonight;0.08
2.29.2024;Sport Utility VehiHealthy Fast Food Chainle Sales;Late Hours;0.083
2.29.2024;Sport Utility VehiHealthy Fast Food Chainle Sales;Nightly News Stories;0.155
2.29.2024;Sport Utility VehiHealthy Fast Food Chainle Sales;Nightly News Stories;0.155
2.29.2024;Sport Utility VehiHealthy Fast Food Chainle Sales;Fix and Flip;0.036
2.29.2024;Sport Utility VehiHealthy Fast Food Chainle Sales;Fix and Flip;0.036
2.29.2024;Sport Utility VehiHealthy Fast Food Chainle Sales;Portable Homes;-0.078
2.29.2024;Sport Utility VehiHealthy Fast Food Chainle Sales;Portable Homes;-0.078
2.29.2024;Sport Utility VehiHealthy Fast Food Chainle Sales;Sister Home Sellers;0.398
2.29.2024;Sport Utility VehiHealthy Fast Food Chainle Sales;Sister Home Sellers;0.398
2.29.2024;Sport Utility VehiHealthy Fast Food Chainle Sales;New Gal;-0.089
2.29.2024;Sport Utility VehiHealthy Fast Food Chainle Sales;New Gal;-0.089
2.29.2024;Sport Utility VehiHealthy Fast Food Chainle Sales;Planet Hypothesis;0.22
2.29.2024;Sport Utility VehiHealthy Fast Food Chainle Sales;Planet Hypothesis;0.22
2.29.2024;Sport Utility VehiHealthy Fast Food Chainle Sales;ER Drama;0.601
03.07.2024;Healthy Fast Food Chain;Waltzing with the Famous;0.406
03.07.2024;Healthy Fast Food Chain;Cannot Fool Me;0.155
03.07.2024;Healthy Fast Food Chain;Orlando Vice;0.264
03.07.2024;Healthy Fast Food Chain;Orlando Vice;0.264
03.07.2024;Healthy Fast Food Chain;Maui Five Ten;0.418
03.07.2024;Healthy Fast Food Chain;Neighborhood Patrol;0.314
03.07.2024;Healthy Fast Food Chain;Food Fantasy in France;0.067
03.07.2024;Healthy Fast Food Chain;Food Fantasy in France;0.067
03.07.2024;Healthy Fast Food Chain;The Evening Show;0.604
03.07.2024;Healthy Fast Food Chain;Fix and Flip;0.036
03.07.2024;Healthy Fast Food Chain;Fix and Flip;0.036
03.07.2024;Healthy Fast Food Chain;Portable Homes;-0.078
03.07.2024;Healthy Fast Food Chain;Sister Home Sellers;0.398
03.07.2024;Healthy Fast Food Chain;New Gal;-0.089
03.07.2024;Healthy Fast Food Chain;Planet Hypothesis;0.22
03.07.2024;Healthy Fast Food Chain;Planet Hypothesis;0.22
03.07.2024;Healthy Fast Food Chain;ER Drama;0.601
03.07.2024;Popular Soft Drink;Fix and Flip;0.036
03.07.2024;Popular Soft Drink;Sister Home Sellers;0.398
03.07.2024;Retail Big Box Store;See and Sold;0.353
03.07.2024;Retail Big Box Store;Together Forever;0.01
03.07.2024;Retail Big Box Store;Together Forever;0.01
03.07.2024;Retail Big Box Store;Waltzing with the Famous;0.406
03.07.2024;Retail Big Box Store;Cannot Fool Me;0.155
03.07.2024;Retail Big Box Store;Orlando Vice;0.264
03.07.2024;Retail Big Box Store;Orlando Vice;0.264
03.07.2024;Retail Big Box Store;Maui Five Ten;0.418
03.07.2024;Retail Big Box Store;Maui Five Ten;0.418
03.07.2024;Retail Big Box Store;Rescue Squad;0.425
03.07.2024;Retail Big Box Store;Neighborhood Patrol;0.314
03.07.2024;Retail Big Box Store;Family Fraud;0.007
03.07.2024;Retail Big Box Store;My First Home;0.594
03.07.2024;Retail Big Box Store;Food Fantasy in France;0.067
03.07.2024;Retail Big Box Store;Weird Flavors;0.489
03.07.2024;Retail Big Box Store;Tonight Tonight;0.08
03.07.2024;Retail Big Box Store;Late Hours;0.083
03.07.2024;Retail Big Box Store;Nightly News Stories;0.155
03.07.2024;Retail Big Box Store;Nightly News Stories;0.155
03.07.2024;Retail Big Box Store;Fix and Flip;0.036
03.07.2024;Retail Big Box Store;Fix and Flip;0.036
03.07.2024;Retail Big Box Store;Daybreak Dish;0.074
03.07.2024;Retail Big Box Store;Portable Homes;-0.078
03.07.2024;Retail Big Box Store;Portable Homes;-0.078
03.07.2024;Retail Big Box Store;Sister Home Sellers;0.398
03.07.2024;Retail Big Box Store;Sister Home Sellers;0.398
03.07.2024;Retail Big Box Store;New Gal;-0.089
03.07.2024;Retail Big Box Store;New Gal;-0.089
03.07.2024;Retail Big Box Store;Planet Hypothesis;0.22
03.07.2024;Retail Big Box Store;Planet Hypothesis;0.22
03.07.2024;Retail Big Box Store;ER Drama;0.601
03.07.2024;Retail Big Box Store;ER Drama;0.601
03.07.2024;Sport Utility VehiHealthy Fast Food Chainle Sales;See and Sold;0.353
03.07.2024;Sport Utility VehiHealthy Fast Food Chainle Sales;Together Forever;0.01
03.07.2024;Sport Utility VehiHealthy Fast Food Chainle Sales;Together Forever;0.01
03.07.2024;Sport Utility VehiHealthy Fast Food Chainle Sales;Waltzing with the Famous;0.406
03.07.2024;Sport Utility VehiHealthy Fast Food Chainle Sales;Cannot Fool Me;0.155
03.07.2024;Sport Utility VehiHealthy Fast Food Chainle Sales;Cannot Fool Me;0.155
03.07.2024;Sport Utility VehiHealthy Fast Food Chainle Sales;Orlando Vice;0.264
03.07.2024;Sport Utility VehiHealthy Fast Food Chainle Sales;Orlando Vice;0.264
03.07.2024;Sport Utility VehiHealthy Fast Food Chainle Sales;Maui Five Ten;0.418
03.07.2024;Sport Utility VehiHealthy Fast Food Chainle Sales;Rescue Squad;0.425
03.07.2024;Sport Utility VehiHealthy Fast Food Chainle Sales;Neighborhood Patrol;0.314
03.07.2024;Sport Utility VehiHealthy Fast Food Chainle Sales;Neighborhood Patrol;0.314
03.07.2024;Sport Utility VehiHealthy Fast Food Chainle Sales;Family Fraud;0.007
03.07.2024;Sport Utility VehiHealthy Fast Food Chainle Sales;I Love Betty;-0.089
03.07.2024;Sport Utility VehiHealthy Fast Food Chainle Sales;I Love Betty;-0.089
03.07.2024;Sport Utility VehiHealthy Fast Food Chainle Sales;My First Home;0.594
03.07.2024;Sport Utility VehiHealthy Fast Food Chainle Sales;My First Home;0.594
03.07.2024;Sport Utility VehiHealthy Fast Food Chainle Sales;Food Fantasy in France;0.067
03.07.2024;Sport Utility VehiHealthy Fast Food Chainle Sales;Food Fantasy in France;0.067
03.07.2024;Sport Utility VehiHealthy Fast Food Chainle Sales;Weird Flavors;0.489
03.07.2024;Sport Utility VehiHealthy Fast Food Chainle Sales;The Evening Show;0.604
03.07.2024;Sport Utility VehiHealthy Fast Food Chainle Sales;The Evening Show;0.604
03.07.2024;Sport Utility VehiHealthy Fast Food Chainle Sales;Tonight Tonight;0.08
03.07.2024;Sport Utility VehiHealthy Fast Food Chainle Sales;Late Hours;0.083
03.07.2024;Sport Utility VehiHealthy Fast Food Chainle Sales;Nightly News Stories;0.155
03.07.2024;Sport Utility VehiHealthy Fast Food Chainle Sales;Nightly News Stories;0.155
03.07.2024;Sport Utility VehiHealthy Fast Food Chainle Sales;Fix and Flip;0.036
03.07.2024;Sport Utility VehiHealthy Fast Food Chainle Sales;Fix and Flip;0.036
03.07.2024;Sport Utility VehiHealthy Fast Food Chainle Sales;Daybreak Dish;0.074
03.07.2024;Sport Utility VehiHealthy Fast Food Chainle Sales;Portable Homes;-0.078
03.07.2024;Sport Utility VehiHealthy Fast Food Chainle Sales;Portable Homes;-0.078
03.07.2024;Sport Utility VehiHealthy Fast Food Chainle Sales;Sister Home Sellers;0.398
03.07.2024;Sport Utility VehiHealthy Fast Food Chainle Sales;Sister Home Sellers;0.398
03.07.2024;Sport Utility VehiHealthy Fast Food Chainle Sales;New Gal;-0.089
03.07.2024;Sport Utility VehiHealthy Fast Food Chainle Sales;Planet Hypothesis;0.22
03.07.2024;Sport Utility VehiHealthy Fast Food Chainle Sales;ER Drama;0.601
03.07.2024;Sport Utility VehiHealthy Fast Food Chainle Sales;ER Drama;0.601
3.14.2024;Healthy Fast Food Chain;Together Forever;0.01
3.14.2024;Healthy Fast Food Chain;Cannot Fool Me;0.155
3.14.2024;Healthy Fast Food Chain;Orlando Vice;0.264
3.14.2024;Healthy Fast Food Chain;Orlando Vice;0.264
3.14.2024;Healthy Fast Food Chain;Maui Five Ten;0.418
3.14.2024;Healthy Fast Food Chain;Weird Flavors;0.489
3.14.2024;Healthy Fast Food Chain;Freaky Vacations;0.22
3.14.2024;Healthy Fast Food Chain;Nightly News Stories;0.155
3.14.2024;Healthy Fast Food Chain;Fix and Flip;0.036
3.14.2024;Healthy Fast Food Chain;Fix and Flip;0.036
3.14.2024;Healthy Fast Food Chain;Daybreak Dish;0.074
3.14.2024;Healthy Fast Food Chain;Portable Homes;-0.078
3.14.2024;Healthy Fast Food Chain;New Gal;-0.089
3.14.2024;Healthy Fast Food Chain;New Gal;-0.089
3.14.2024;Healthy Fast Food Chain;Planet Hypothesis;0.22
3.14.2024;Healthy Fast Food Chain;Planet Hypothesis;0.22
3.14.2024;Home Cleaning Product;Together Forever;0.01
3.14.2024;Home Cleaning Product;Late Hours;0.083
3.14.2024;Home Cleaning Product;Nightly News Stories;0.155
3.14.2024;Home Cleaning Product;Fix and Flip;0.036
3.14.2024;Home Cleaning Product;Portable Homes;-0.078
3.14.2024;Home Cleaning Product;Planet Hypothesis;0.22
3.14.2024;Retail Big Box Store;See and Sold;0.353
3.14.2024;Retail Big Box Store;Together Forever;0.01
3.14.2024;Retail Big Box Store;Waltzing with the Famous;0.406
3.14.2024;Retail Big Box Store;Cannot Fool Me;0.155
3.14.2024;Retail Big Box Store;Orlando Vice;0.264
3.14.2024;Retail Big Box Store;Orlando Vice;0.264
3.14.2024;Retail Big Box Store;Maui Five Ten;0.418
3.14.2024;Retail Big Box Store;Maui Five Ten;0.418
3.14.2024;Retail Big Box Store;Rescue Squad;0.425
3.14.2024;Retail Big Box Store;Family Fraud;0.007
3.14.2024;Retail Big Box Store;My First Home;0.594
3.14.2024;Retail Big Box Store;My First Home;0.594
3.14.2024;Retail Big Box Store;Weird Flavors;0.489
3.14.2024;Retail Big Box Store;Tonight Tonight;0.08
3.14.2024;Retail Big Box Store;Late Hours;0.083
3.14.2024;Retail Big Box Store;Late Hours;0.083
3.14.2024;Retail Big Box Store;Nightly News Stories;0.155
3.14.2024;Retail Big Box Store;Fix and Flip;0.036
3.14.2024;Retail Big Box Store;Fix and Flip;0.036
3.14.2024;Retail Big Box Store;Daybreak Dish;0.074
3.14.2024;Retail Big Box Store;Portable Homes;-0.078
3.14.2024;Retail Big Box Store;Sister Home Sellers;0.398
3.14.2024;Retail Big Box Store;Sister Home Sellers;0.398
3.14.2024;Retail Big Box Store;New Gal;-0.089
3.14.2024;Retail Big Box Store;Planet Hypothesis;0.22
3.14.2024;Retail Big Box Store;ER Drama;0.601
3.14.2024;Sport Utility VehiHealthy Fast Food Chainle Sales;See and Sold;0.353
3.14.2024;Sport Utility VehiHealthy Fast Food Chainle Sales;Together Forever;0.01
3.14.2024;Sport Utility VehiHealthy Fast Food Chainle Sales;Together Forever;0.01
3.14.2024;Sport Utility VehiHealthy Fast Food Chainle Sales;Waltzing with the Famous;0.406
3.14.2024;Sport Utility VehiHealthy Fast Food Chainle Sales;Waltzing with the Famous;0.406
3.14.2024;Sport Utility VehiHealthy Fast Food Chainle Sales;Cannot Fool Me;0.155
3.14.2024;Sport Utility VehiHealthy Fast Food Chainle Sales;Cannot Fool Me;0.155
3.14.2024;Sport Utility VehiHealthy Fast Food Chainle Sales;Orlando Vice;0.264
3.14.2024;Sport Utility VehiHealthy Fast Food Chainle Sales;Orlando Vice;0.264
3.14.2024;Sport Utility VehiHealthy Fast Food Chainle Sales;Maui Five Ten;0.418
3.14.2024;Sport Utility VehiHealthy Fast Food Chainle Sales;Rescue Squad;0.425
3.14.2024;Sport Utility VehiHealthy Fast Food Chainle Sales;Neighborhood Patrol;0.314
3.14.2024;Sport Utility VehiHealthy Fast Food Chainle Sales;Family Fraud;0.007
3.14.2024;Sport Utility VehiHealthy Fast Food Chainle Sales;I Love Betty;-0.089
3.14.2024;Sport Utility VehiHealthy Fast Food Chainle Sales;I Love Betty;-0.089
3.14.2024;Sport Utility VehiHealthy Fast Food Chainle Sales;My First Home;0.594
3.14.2024;Sport Utility VehiHealthy Fast Food Chainle Sales;My First Home;0.594
3.14.2024;Sport Utility VehiHealthy Fast Food Chainle Sales;Weird Flavors;0.489
3.14.2024;Sport Utility VehiHealthy Fast Food Chainle Sales;Freaky Vacations;0.22
3.14.2024;Sport Utility VehiHealthy Fast Food Chainle Sales;The Evening Show;0.604
3.14.2024;Sport Utility VehiHealthy Fast Food Chainle Sales;Tonight Tonight;0.08
3.14.2024;Sport Utility VehiHealthy Fast Food Chainle Sales;Nightly News Stories;0.155
3.14.2024;Sport Utility VehiHealthy Fast Food Chainle Sales;Fix and Flip;0.036
3.14.2024;Sport Utility VehiHealthy Fast Food Chainle Sales;Fix and Flip;0.036
3.14.2024;Sport Utility VehiHealthy Fast Food Chainle Sales;Daybreak Dish;0.074
3.14.2024;Sport Utility VehiHealthy Fast Food Chainle Sales;Portable Homes;-0.078
3.14.2024;Sport Utility VehiHealthy Fast Food Chainle Sales;Portable Homes;-0.078
3.14.2024;Sport Utility VehiHealthy Fast Food Chainle Sales;Sister Home Sellers;0.398
3.14.2024;Sport Utility VehiHealthy Fast Food Chainle Sales;Sister Home Sellers;0.398
3.14.2024;Sport Utility VehiHealthy Fast Food Chainle Sales;New Gal;-0.089
3.14.2024;Sport Utility VehiHealthy Fast Food Chainle Sales;New Gal;-0.089
3.14.2024;Sport Utility VehiHealthy Fast Food Chainle Sales;Planet Hypothesis;0.22
3.14.2024;Sport Utility VehiHealthy Fast Food Chainle Sales;Planet Hypothesis;0.22
3.14.2024;Sport Utility VehiHealthy Fast Food Chainle Sales;ER Drama;0.601
3.14.2024;Sport Utility VehiHealthy Fast Food Chainle Sales;ER Drama;0.601
3.21.2024;Healthy Fast Food Chain;Together Forever;0.01
3.21.2024;Healthy Fast Food Chain;Cannot Fool Me;0.155
3.21.2024;Healthy Fast Food Chain;Orlando Vice;0.264
3.21.2024;Healthy Fast Food Chain;Orlando Vice;0.264
3.21.2024;Healthy Fast Food Chain;Maui Five Ten;0.418
3.21.2024;Healthy Fast Food Chain;Maui Five Ten;0.418
3.21.2024;Healthy Fast Food Chain;Neighborhood Patrol;0.314
3.21.2024;Healthy Fast Food Chain;Weird Flavors;0.489
3.21.2024;Healthy Fast Food Chain;Weird Flavors;0.489
3.21.2024;Healthy Fast Food Chain;Freaky Vacations;0.22
3.21.2024;Healthy Fast Food Chain;Nightly News Stories;0.155
3.21.2024;Healthy Fast Food Chain;Fix and Flip;0.036
3.21.2024;Healthy Fast Food Chain;Fix and Flip;0.036
3.21.2024;Healthy Fast Food Chain;Portable Homes;-0.078
3.21.2024;Healthy Fast Food Chain;Sister Home Sellers;0.398
3.21.2024;Healthy Fast Food Chain;New Gal;-0.089
3.21.2024;Healthy Fast Food Chain;Planet Hypothesis;0.22
3.21.2024;Healthy Fast Food Chain;Planet Hypothesis;0.22
3.21.2024;Healthy Fast Food Chain;ER Drama;0.601
3.21.2024;Home Cleaning Product;Maui Five Ten;0.418
3.21.2024;Home Cleaning Product;Late Hours;0.083
3.21.2024;Home Cleaning Product;Portable Homes;-0.078
3.21.2024;Home Cleaning Product;Planet Hypothesis;0.22
3.21.2024;Popular Soft Drink;Sister Home Sellers;0.398
3.21.2024;Retail Big Box Store;See and Sold;0.353
3.21.2024;Retail Big Box Store;See and Sold;0.353
3.21.2024;Retail Big Box Store;Together Forever;0.01
3.21.2024;Retail Big Box Store;Together Forever;0.01
3.21.2024;Retail Big Box Store;Waltzing with the Famous;0.406
3.21.2024;Retail Big Box Store;Cannot Fool Me;0.155
3.21.2024;Retail Big Box Store;Orlando Vice;0.264
3.21.2024;Retail Big Box Store;Orlando Vice;0.264
3.21.2024;Retail Big Box Store;Maui Five Ten;0.418
3.21.2024;Retail Big Box Store;Maui Five Ten;0.418
3.21.2024;Retail Big Box Store;Rescue Squad;0.425
3.21.2024;Retail Big Box Store;Neighborhood Patrol;0.314
3.21.2024;Retail Big Box Store;Family Fraud;0.007
3.21.2024;Retail Big Box Store;My First Home;0.594
3.21.2024;Retail Big Box Store;Freaky Vacations;0.22
3.21.2024;Retail Big Box Store;The Evening Show;0.604
3.21.2024;Retail Big Box Store;Tonight Tonight;0.08
3.21.2024;Retail Big Box Store;Late Hours;0.083
3.21.2024;Retail Big Box Store;Late Hours;0.083
3.21.2024;Retail Big Box Store;Nightly News Stories;0.155
3.21.2024;Retail Big Box Store;Fix and Flip;0.036
3.21.2024;Retail Big Box Store;Fix and Flip;0.036
3.21.2024;Retail Big Box Store;Portable Homes;-0.078
3.21.2024;Retail Big Box Store;Portable Homes;-0.078
3.21.2024;Retail Big Box Store;Sister Home Sellers;0.398
3.21.2024;Retail Big Box Store;Sister Home Sellers;0.398
3.21.2024;Retail Big Box Store;New Gal;-0.089
3.21.2024;Retail Big Box Store;Planet Hypothesis;0.22
3.21.2024;Retail Big Box Store;Planet Hypothesis;0.22
3.21.2024;Retail Big Box Store;ER Drama;0.601
3.21.2024;Sport Utility VehiHealthy Fast Food Chainle Sales;See and Sold;0.353
3.21.2024;Sport Utility VehiHealthy Fast Food Chainle Sales;See and Sold;0.353
3.21.2024;Sport Utility VehiHealthy Fast Food Chainle Sales;Together Forever;0.01
3.21.2024;Sport Utility VehiHealthy Fast Food Chainle Sales;Together Forever;0.01
3.21.2024;Sport Utility VehiHealthy Fast Food Chainle Sales;Waltzing with the Famous;0.406
3.21.2024;Sport Utility VehiHealthy Fast Food Chainle Sales;Cannot Fool Me;0.155
3.21.2024;Sport Utility VehiHealthy Fast Food Chainle Sales;Cannot Fool Me;0.155
3.21.2024;Sport Utility VehiHealthy Fast Food Chainle Sales;Orlando Vice;0.264
3.21.2024;Sport Utility VehiHealthy Fast Food Chainle Sales;Orlando Vice;0.264
3.21.2024;Sport Utility VehiHealthy Fast Food Chainle Sales;Maui Five Ten;0.418
3.21.2024;Sport Utility VehiHealthy Fast Food Chainle Sales;Maui Five Ten;0.418
3.21.2024;Sport Utility VehiHealthy Fast Food Chainle Sales;Family Fraud;0.007
3.21.2024;Sport Utility VehiHealthy Fast Food Chainle Sales;I Love Betty;-0.089
3.21.2024;Sport Utility VehiHealthy Fast Food Chainle Sales;I Love Betty;-0.089
3.21.2024;Sport Utility VehiHealthy Fast Food Chainle Sales;My First Home;0.594
3.21.2024;Sport Utility VehiHealthy Fast Food Chainle Sales;My First Home;0.594
3.21.2024;Sport Utility VehiHealthy Fast Food Chainle Sales;Weird Flavors;0.489
3.21.2024;Sport Utility VehiHealthy Fast Food Chainle Sales;Freaky Vacations;0.22
3.21.2024;Sport Utility VehiHealthy Fast Food Chainle Sales;The Evening Show;0.604
3.21.2024;Sport Utility VehiHealthy Fast Food Chainle Sales;The Evening Show;0.604
3.21.2024;Sport Utility VehiHealthy Fast Food Chainle Sales;Tonight Tonight;0.08
3.21.2024;Sport Utility VehiHealthy Fast Food Chainle Sales;Nightly News Stories;0.155
3.21.2024;Sport Utility VehiHealthy Fast Food Chainle Sales;Nightly News Stories;0.155
3.21.2024;Sport Utility VehiHealthy Fast Food Chainle Sales;Fix and Flip;0.036
3.21.2024;Sport Utility VehiHealthy Fast Food Chainle Sales;Fix and Flip;0.036
3.21.2024;Sport Utility VehiHealthy Fast Food Chainle Sales;Daybreak Dish;0.074
3.21.2024;Sport Utility VehiHealthy Fast Food Chainle Sales;Portable Homes;-0.078
3.21.2024;Sport Utility VehiHealthy Fast Food Chainle Sales;Portable Homes;-0.078
3.21.2024;Sport Utility VehiHealthy Fast Food Chainle Sales;Sister Home Sellers;0.398
3.21.2024;Sport Utility VehiHealthy Fast Food Chainle Sales;New Gal;-0.089
3.21.2024;Sport Utility VehiHealthy Fast Food Chainle Sales;New Gal;-0.089
3.21.2024;Sport Utility VehiHealthy Fast Food Chainle Sales;Planet Hypothesis;0.22
3.21.2024;Sport Utility VehiHealthy Fast Food Chainle Sales;Planet Hypothesis;0.22
3.21.2024;Sport Utility VehiHealthy Fast Food Chainle Sales;ER Drama;0.601
3.21.2024;Sport Utility VehiHealthy Fast Food Chainle Sales;ER Drama;0.601
3.28.2024;Healthy Fast Food Chain;Together Forever;0.01
3.28.2024;Healthy Fast Food Chain;Waltzing with the Famous;0.406
3.28.2024;Healthy Fast Food Chain;Waltzing with the Famous;0.406
3.28.2024;Healthy Fast Food Chain;Orlando Vice;0.264
3.28.2024;Healthy Fast Food Chain;Orlando Vice;0.264
3.28.2024;Healthy Fast Food Chain;Neighborhood Patrol;0.314
3.28.2024;Healthy Fast Food Chain;Neighborhood Patrol;0.314
3.28.2024;Healthy Fast Food Chain;Freaky Vacations;0.22
3.28.2024;Healthy Fast Food Chain;Tonight Tonight;0.08
3.28.2024;Healthy Fast Food Chain;Nightly News Stories;0.155
3.28.2024;Healthy Fast Food Chain;Fix and Flip;0.036
3.28.2024;Healthy Fast Food Chain;Fix and Flip;0.036
3.28.2024;Healthy Fast Food Chain;Portable Homes;-0.078
3.28.2024;Healthy Fast Food Chain;Sister Home Sellers;0.398
3.28.2024;Healthy Fast Food Chain;New Gal;-0.089
3.28.2024;Healthy Fast Food Chain;Planet Hypothesis;0.22
3.28.2024;Healthy Fast Food Chain;Planet Hypothesis;0.22
3.28.2024;Healthy Fast Food Chain;ER Drama;0.601
3.28.2024;Home Cleaning Product;Orlando Vice;0.264
3.28.2024;Home Cleaning Product;Fix and Flip;0.036
3.28.2024;Home Cleaning Product;Planet Hypothesis;0.22
3.28.2024;Popular Soft Drink;Maui Five Ten;0.418
3.28.2024;Popular Soft Drink;Fix and Flip;0.036
3.28.2024;Popular Soft Drink;Sister Home Sellers;0.398
3.28.2024;Popular Soft Drink;New Gal;-0.089
3.28.2024;Retail Big Box Store;Together Forever;0.01
3.28.2024;Retail Big Box Store;Cannot Fool Me;0.155
3.28.2024;Retail Big Box Store;Cannot Fool Me;0.155
3.28.2024;Retail Big Box Store;Orlando Vice;0.264
3.28.2024;Retail Big Box Store;Maui Five Ten;0.418
3.28.2024;Retail Big Box Store;Rescue Squad;0.425
3.28.2024;Retail Big Box Store;Neighborhood Patrol;0.314
3.28.2024;Retail Big Box Store;My First Home;0.594
3.28.2024;Retail Big Box Store;Late Hours;0.083
3.28.2024;Retail Big Box Store;Nightly News Stories;0.155
3.28.2024;Retail Big Box Store;Fix and Flip;0.036
3.28.2024;Retail Big Box Store;Sister Home Sellers;0.398
3.28.2024;Retail Big Box Store;New Gal;-0.089
3.28.2024;Retail Big Box Store;Planet Hypothesis;0.22
3.28.2024;Retail Big Box Store;ER Drama;0.601
3.28.2024;Sport Utility VehiHealthy Fast Food Chainle Sales;Together Forever;0.01
3.28.2024;Sport Utility VehiHealthy Fast Food Chainle Sales;Together Forever;0.01
3.28.2024;Sport Utility VehiHealthy Fast Food Chainle Sales;Waltzing with the Famous;0.406
3.28.2024;Sport Utility VehiHealthy Fast Food Chainle Sales;Waltzing with the Famous;0.406
3.28.2024;Sport Utility VehiHealthy Fast Food Chainle Sales;Cannot Fool Me;0.155
3.28.2024;Sport Utility VehiHealthy Fast Food Chainle Sales;Cannot Fool Me;0.155
3.28.2024;Sport Utility VehiHealthy Fast Food Chainle Sales;Orlando Vice;0.264
3.28.2024;Sport Utility VehiHealthy Fast Food Chainle Sales;Orlando Vice;0.264
3.28.2024;Sport Utility VehiHealthy Fast Food Chainle Sales;Maui Five Ten;0.418
3.28.2024;Sport Utility VehiHealthy Fast Food Chainle Sales;Maui Five Ten;0.418
3.28.2024;Sport Utility VehiHealthy Fast Food Chainle Sales;Family Fraud;0.007
3.28.2024;Sport Utility VehiHealthy Fast Food Chainle Sales;I Love Betty;-0.089
3.28.2024;Sport Utility VehiHealthy Fast Food Chainle Sales;I Love Betty;-0.089
3.28.2024;Sport Utility VehiHealthy Fast Food Chainle Sales;Freaky Vacations;0.22
3.28.2024;Sport Utility VehiHealthy Fast Food Chainle Sales;Tonight Tonight;0.08
3.28.2024;Sport Utility VehiHealthy Fast Food Chainle Sales;Nightly News Stories;0.155
3.28.2024;Sport Utility VehiHealthy Fast Food Chainle Sales;Nightly News Stories;0.155
3.28.2024;Sport Utility VehiHealthy Fast Food Chainle Sales;Fix and Flip;0.036
3.28.2024;Sport Utility VehiHealthy Fast Food Chainle Sales;Fix and Flip;0.036
3.28.2024;Sport Utility VehiHealthy Fast Food Chainle Sales;Portable Homes;-0.078
3.28.2024;Sport Utility VehiHealthy Fast Food Chainle Sales;Portable Homes;-0.078
3.28.2024;Sport Utility VehiHealthy Fast Food Chainle Sales;Sister Home Sellers;0.398
3.28.2024;Sport Utility VehiHealthy Fast Food Chainle Sales;Sister Home Sellers;0.398
3.28.2024;Sport Utility VehiHealthy Fast Food Chainle Sales;New Gal;-0.089
3.28.2024;Sport Utility VehiHealthy Fast Food Chainle Sales;New Gal;-0.089
3.28.2024;Sport Utility VehiHealthy Fast Food Chainle Sales;Planet Hypothesis;0.22
3.28.2024;Sport Utility VehiHealthy Fast Food Chainle Sales;Planet Hypothesis;0.22
3.28.2024;Sport Utility VehiHealthy Fast Food Chainle Sales;ER Drama;0.601
3.28.2024;Sport Utility VehiHealthy Fast Food Chainle Sales;ER Drama;0.601
04.04.2024;Healthy Fast Food Chain;Together Forever;0.01
04.04.2024;Healthy Fast Food Chain;Waltzing with the Famous;0.406
04.04.2024;Healthy Fast Food Chain;Orlando Vice;0.264
04.04.2024;Healthy Fast Food Chain;Orlando Vice;0.264
04.04.2024;Healthy Fast Food Chain;Maui Five Ten;0.418
04.04.2024;Healthy Fast Food Chain;Maui Five Ten;0.418
04.04.2024;Healthy Fast Food Chain;Freaky Vacations;0.22
04.04.2024;Healthy Fast Food Chain;Tonight Tonight;0.08
04.04.2024;Healthy Fast Food Chain;Nightly News Stories;0.155
04.04.2024;Healthy Fast Food Chain;Nightly News Stories;0.155
04.04.2024;Healthy Fast Food Chain;Fix and Flip;0.036
04.04.2024;Healthy Fast Food Chain;Fix and Flip;0.036
04.04.2024;Healthy Fast Food Chain;Portable Homes;-0.078
04.04.2024;Healthy Fast Food Chain;Sister Home Sellers;0.398
04.04.2024;Healthy Fast Food Chain;New Gal;-0.089
04.04.2024;Healthy Fast Food Chain;Planet Hypothesis;0.22
04.04.2024;Healthy Fast Food Chain;Planet Hypothesis;0.22
04.04.2024;Healthy Fast Food Chain;ER Drama;0.601
04.04.2024;Home Cleaning Product;Orlando Vice;0.264
04.04.2024;Home Cleaning Product;Fix and Flip;0.036
04.04.2024;Home Cleaning Product;Planet Hypothesis;0.22
04.04.2024;Popular Soft Drink;Waltzing with the Famous;0.406
04.04.2024;Popular Soft Drink;Sister Home Sellers;0.398
04.04.2024;Retail Big Box Store;Together Forever;0.01
04.04.2024;Retail Big Box Store;Waltzing with the Famous;0.406
04.04.2024;Retail Big Box Store;Cannot Fool Me;0.155
04.04.2024;Retail Big Box Store;Orlando Vice;0.264
04.04.2024;Retail Big Box Store;Orlando Vice;0.264
04.04.2024;Retail Big Box Store;Maui Five Ten;0.418
04.04.2024;Retail Big Box Store;Rescue Squad;0.425
04.04.2024;Retail Big Box Store;Family Fraud;0.007
04.04.2024;Retail Big Box Store;Freaky Vacations;0.22
04.04.2024;Retail Big Box Store;The Evening Show;0.604
04.04.2024;Retail Big Box Store;Late Hours;0.083
04.04.2024;Retail Big Box Store;Late Hours;0.083
04.04.2024;Retail Big Box Store;Nightly News Stories;0.155
04.04.2024;Retail Big Box Store;Fix and Flip;0.036
04.04.2024;Retail Big Box Store;Fix and Flip;0.036
04.04.2024;Retail Big Box Store;Sister Home Sellers;0.398
04.04.2024;Retail Big Box Store;Sister Home Sellers;0.398
04.04.2024;Retail Big Box Store;New Gal;-0.089
04.04.2024;Retail Big Box Store;Planet Hypothesis;0.22
04.04.2024;Retail Big Box Store;Planet Hypothesis;0.22
04.04.2024;Retail Big Box Store;ER Drama;0.601
04.04.2024;Sport Utility VehiHealthy Fast Food Chainle Sales;Together Forever;0.01
04.04.2024;Sport Utility VehiHealthy Fast Food Chainle Sales;Together Forever;0.01
04.04.2024;Sport Utility VehiHealthy Fast Food Chainle Sales;Waltzing with the Famous;0.406
04.04.2024;Sport Utility VehiHealthy Fast Food Chainle Sales;Cannot Fool Me;0.155
04.04.2024;Sport Utility VehiHealthy Fast Food Chainle Sales;Cannot Fool Me;0.155
04.04.2024;Sport Utility VehiHealthy Fast Food Chainle Sales;Orlando Vice;0.264
04.04.2024;Sport Utility VehiHealthy Fast Food Chainle Sales;Orlando Vice;0.264
04.04.2024;Sport Utility VehiHealthy Fast Food Chainle Sales;Maui Five Ten;0.418
04.04.2024;Sport Utility VehiHealthy Fast Food Chainle Sales;Maui Five Ten;0.418
04.04.2024;Sport Utility VehiHealthy Fast Food Chainle Sales;Rescue Squad;0.425
04.04.2024;Sport Utility VehiHealthy Fast Food Chainle Sales;Rescue Squad;0.425
04.04.2024;Sport Utility VehiHealthy Fast Food Chainle Sales;Neighborhood Patrol;0.314
04.04.2024;Sport Utility VehiHealthy Fast Food Chainle Sales;Neighborhood Patrol;0.314
04.04.2024;Sport Utility VehiHealthy Fast Food Chainle Sales;Family Fraud;0.007
04.04.2024;Sport Utility VehiHealthy Fast Food Chainle Sales;I Love Betty;-0.089
04.04.2024;Sport Utility VehiHealthy Fast Food Chainle Sales;The Evening Show;0.604
04.04.2024;Sport Utility VehiHealthy Fast Food Chainle Sales;Tonight Tonight;0.08
04.04.2024;Sport Utility VehiHealthy Fast Food Chainle Sales;Nightly News Stories;0.155
04.04.2024;Sport Utility VehiHealthy Fast Food Chainle Sales;Nightly News Stories;0.155
04.04.2024;Sport Utility VehiHealthy Fast Food Chainle Sales;Fix and Flip;0.036
04.04.2024;Sport Utility VehiHealthy Fast Food Chainle Sales;Fix and Flip;0.036
04.04.2024;Sport Utility VehiHealthy Fast Food Chainle Sales;Portable Homes;-0.078
04.04.2024;Sport Utility VehiHealthy Fast Food Chainle Sales;Portable Homes;-0.078
04.04.2024;Sport Utility VehiHealthy Fast Food Chainle Sales;Sister Home Sellers;0.398
04.04.2024;Sport Utility VehiHealthy Fast Food Chainle Sales;Sister Home Sellers;0.398
04.04.2024;Sport Utility VehiHealthy Fast Food Chainle Sales;New Gal;-0.089
04.04.2024;Sport Utility VehiHealthy Fast Food Chainle Sales;New Gal;-0.089
04.04.2024;Sport Utility VehiHealthy Fast Food Chainle Sales;Planet Hypothesis;0.22
04.04.2024;Sport Utility VehiHealthy Fast Food Chainle Sales;Planet Hypothesis;0.22
04.04.2024;Sport Utility VehiHealthy Fast Food Chainle Sales;ER Drama;0.601
04.04.2024;Sport Utility VehiHealthy Fast Food Chainle Sales;ER Drama;0.601
04.11.2024;Healthy Fast Food Chain;Together Forever;0.01
04.11.2024;Healthy Fast Food Chain;Waltzing with the Famous;0.406
04.11.2024;Healthy Fast Food Chain;Waltzing with the Famous;0.406
04.11.2024;Healthy Fast Food Chain;Cannot Fool Me;0.155
04.11.2024;Healthy Fast Food Chain;Orlando Vice;0.264
04.11.2024;Healthy Fast Food Chain;Orlando Vice;0.264
04.11.2024;Healthy Fast Food Chain;Maui Five Ten;0.418
04.11.2024;Healthy Fast Food Chain;Maui Five Ten;0.418
04.11.2024;Healthy Fast Food Chain;Freaky Vacations;0.22
04.11.2024;Healthy Fast Food Chain;Freaky Vacations;0.22
04.11.2024;Healthy Fast Food Chain;The Evening Show;0.604
04.11.2024;Healthy Fast Food Chain;The Evening Show;0.604
04.11.2024;Healthy Fast Food Chain;Tonight Tonight;0.08
04.11.2024;Healthy Fast Food Chain;Nightly News Stories;0.155
04.11.2024;Healthy Fast Food Chain;Nightly News Stories;0.155
04.11.2024;Healthy Fast Food Chain;Fix and Flip;0.036
04.11.2024;Healthy Fast Food Chain;Portable Homes;-0.078
04.11.2024;Healthy Fast Food Chain;Sister Home Sellers;0.398
04.11.2024;Healthy Fast Food Chain;New Gal;-0.089
04.11.2024;Healthy Fast Food Chain;New Gal;-0.089
04.11.2024;Healthy Fast Food Chain;Planet Hypothesis;0.22
04.11.2024;Healthy Fast Food Chain;Planet Hypothesis;0.22
04.11.2024;Healthy Fast Food Chain;ER Drama;0.601
04.11.2024;Healthy Fast Food Chain;ER Drama;0.601
04.11.2024;Retail Big Box Store;Together Forever;0.01
04.11.2024;Retail Big Box Store;Together Forever;0.01
04.11.2024;Retail Big Box Store;Waltzing with the Famous;0.406
04.11.2024;Retail Big Box Store;Cannot Fool Me;0.155
04.11.2024;Retail Big Box Store;Cannot Fool Me;0.155
04.11.2024;Retail Big Box Store;Orlando Vice;0.264
04.11.2024;Retail Big Box Store;Maui Five Ten;0.418
04.11.2024;Retail Big Box Store;Maui Five Ten;0.418
04.11.2024;Retail Big Box Store;Rescue Squad;0.425
04.11.2024;Retail Big Box Store;Family Fraud;0.007
04.11.2024;Retail Big Box Store;Family Fraud;0.007
04.11.2024;Retail Big Box Store;Freaky Vacations;0.22
04.11.2024;Retail Big Box Store;The Evening Show;0.604
04.11.2024;Retail Big Box Store;Tonight Tonight;0.08
04.11.2024;Retail Big Box Store;Late Hours;0.083
04.11.2024;Retail Big Box Store;Late Hours;0.083
04.11.2024;Retail Big Box Store;Nightly News Stories;0.155
04.11.2024;Retail Big Box Store;Fix and Flip;0.036
04.11.2024;Retail Big Box Store;Fix and Flip;0.036
04.11.2024;Retail Big Box Store;Sister Home Sellers;0.398
04.11.2024;Retail Big Box Store;Sister Home Sellers;0.398
04.11.2024;Retail Big Box Store;New Gal;-0.089
04.11.2024;Retail Big Box Store;Planet Hypothesis;0.22
04.11.2024;Retail Big Box Store;Planet Hypothesis;0.22
04.11.2024;Retail Big Box Store;ER Drama;0.601
04.11.2024;Sport Utility VehiHealthy Fast Food Chainle Sales;Together Forever;0.01
04.11.2024;Sport Utility VehiHealthy Fast Food Chainle Sales;Waltzing with the Famous;0.406
04.11.2024;Sport Utility VehiHealthy Fast Food Chainle Sales;Cannot Fool Me;0.155
04.11.2024;Sport Utility VehiHealthy Fast Food Chainle Sales;Cannot Fool Me;0.155
04.11.2024;Sport Utility VehiHealthy Fast Food Chainle Sales;Orlando Vice;0.264
04.11.2024;Sport Utility VehiHealthy Fast Food Chainle Sales;Orlando Vice;0.264
04.11.2024;Sport Utility VehiHealthy Fast Food Chainle Sales;Maui Five Ten;0.418
04.11.2024;Sport Utility VehiHealthy Fast Food Chainle Sales;Maui Five Ten;0.418
04.11.2024;Sport Utility VehiHealthy Fast Food Chainle Sales;Neighborhood Patrol;0.314
04.11.2024;Sport Utility VehiHealthy Fast Food Chainle Sales;Family Fraud;0.007
04.11.2024;Sport Utility VehiHealthy Fast Food Chainle Sales;I Love Betty;-0.089
04.11.2024;Sport Utility VehiHealthy Fast Food Chainle Sales;I Love Betty;-0.089
04.11.2024;Sport Utility VehiHealthy Fast Food Chainle Sales;Freaky Vacations;0.22
04.11.2024;Sport Utility VehiHealthy Fast Food Chainle Sales;The Evening Show;0.604
04.11.2024;Sport Utility VehiHealthy Fast Food Chainle Sales;The Evening Show;0.604
04.11.2024;Sport Utility VehiHealthy Fast Food Chainle Sales;Tonight Tonight;0.08
04.11.2024;Sport Utility VehiHealthy Fast Food Chainle Sales;Late Hours;0.083
04.11.2024;Sport Utility VehiHealthy Fast Food Chainle Sales;Nightly News Stories;0.155
04.11.2024;Sport Utility VehiHealthy Fast Food Chainle Sales;Fix and Flip;0.036
04.11.2024;Sport Utility VehiHealthy Fast Food Chainle Sales;Fix and Flip;0.036
04.11.2024;Sport Utility VehiHealthy Fast Food Chainle Sales;Portable Homes;-0.078
04.11.2024;Sport Utility VehiHealthy Fast Food Chainle Sales;Portable Homes;-0.078
04.11.2024;Sport Utility VehiHealthy Fast Food Chainle Sales;Sister Home Sellers;0.398
04.11.2024;Sport Utility VehiHealthy Fast Food Chainle Sales;Sister Home Sellers;0.398
04.11.2024;Sport Utility VehiHealthy Fast Food Chainle Sales;New Gal;-0.089
04.11.2024;Sport Utility VehiHealthy Fast Food Chainle Sales;New Gal;-0.089
04.11.2024;Sport Utility VehiHealthy Fast Food Chainle Sales;Planet Hypothesis;0.22
04.11.2024;Sport Utility VehiHealthy Fast Food Chainle Sales;Planet Hypothesis;0.22
04.11.2024;Sport Utility VehiHealthy Fast Food Chainle Sales;ER Drama;0.601
04.11.2024;Sport Utility VehiHealthy Fast Food Chainle Sales;ER Drama;0.601
4.18.2024;Healthy Fast Food Chain;Waltzing with the Famous;0.406
4.18.2024;Healthy Fast Food Chain;Maui Five Ten;0.418
4.18.2024;Healthy Fast Food Chain;Freaky Vacations;0.22
4.18.2024;Healthy Fast Food Chain;Tonight Tonight;0.08
4.18.2024;Healthy Fast Food Chain;Nightly News Stories;0.155
4.18.2024;Healthy Fast Food Chain;Fix and Flip;0.036
4.18.2024;Healthy Fast Food Chain;Sister Home Sellers;0.398
4.18.2024;Healthy Fast Food Chain;New Gal;-0.089
4.18.2024;Healthy Fast Food Chain;New Gal;-0.089
4.18.2024;Healthy Fast Food Chain;Planet Hypothesis;0.22
4.18.2024;Healthy Fast Food Chain;Planet Hypothesis;0.22
4.18.2024;Home Cleaning Product;Orlando Vice;0.264
4.18.2024;Home Cleaning Product;Late Hours;0.083
4.18.2024;Home Cleaning Product;Fix and Flip;0.036
4.18.2024;Home Cleaning Product;Portable Homes;-0.078
4.18.2024;Home Cleaning Product;Planet Hypothesis;0.22
4.18.2024;Popular Soft Drink;Maui Five Ten;0.418
4.18.2024;Popular Soft Drink;Sister Home Sellers;0.398
4.18.2024;Popular Soft Drink;New Gal;-0.089
4.18.2024;Retail Big Box Store;Together Forever;0.01
4.18.2024;Retail Big Box Store;Together Forever;0.01
4.18.2024;Retail Big Box Store;Waltzing with the Famous;0.406
4.18.2024;Retail Big Box Store;Orlando Vice;0.264
4.18.2024;Retail Big Box Store;Maui Five Ten;0.418
4.18.2024;Retail Big Box Store;Maui Five Ten;0.418
4.18.2024;Retail Big Box Store;Rescue Squad;0.425
4.18.2024;Retail Big Box Store;Neighborhood Patrol;0.314
4.18.2024;Retail Big Box Store;Family Fraud;0.007
4.18.2024;Retail Big Box Store;Freaky Vacations;0.22
4.18.2024;Retail Big Box Store;Tonight Tonight;0.08
4.18.2024;Retail Big Box Store;Late Hours;0.083
4.18.2024;Retail Big Box Store;Late Hours;0.083
4.18.2024;Retail Big Box Store;Nightly News Stories;0.155
4.18.2024;Retail Big Box Store;Fix and Flip;0.036
4.18.2024;Retail Big Box Store;Fix and Flip;0.036
4.18.2024;Retail Big Box Store;Portable Homes;-0.078
4.18.2024;Retail Big Box Store;Sister Home Sellers;0.398
4.18.2024;Retail Big Box Store;Sister Home Sellers;0.398
4.18.2024;Retail Big Box Store;New Gal;-0.089
4.18.2024;Retail Big Box Store;Planet Hypothesis;0.22
4.18.2024;Retail Big Box Store;Planet Hypothesis;0.22
4.18.2024;Retail Big Box Store;ER Drama;0.601
4.18.2024;Sport Utility VehiHealthy Fast Food Chainle Sales;Together Forever;0.01
4.18.2024;Sport Utility VehiHealthy Fast Food Chainle Sales;Together Forever;0.01
4.18.2024;Sport Utility VehiHealthy Fast Food Chainle Sales;Waltzing with the Famous;0.406
4.18.2024;Sport Utility VehiHealthy Fast Food Chainle Sales;Orlando Vice;0.264
4.18.2024;Sport Utility VehiHealthy Fast Food Chainle Sales;Orlando Vice;0.264
4.18.2024;Sport Utility VehiHealthy Fast Food Chainle Sales;Maui Five Ten;0.418
4.18.2024;Sport Utility VehiHealthy Fast Food Chainle Sales;Maui Five Ten;0.418
4.18.2024;Sport Utility VehiHealthy Fast Food Chainle Sales;Neighborhood Patrol;0.314
4.18.2024;Sport Utility VehiHealthy Fast Food Chainle Sales;Family Fraud;0.007
4.18.2024;Sport Utility VehiHealthy Fast Food Chainle Sales;I Love Betty;-0.089
4.18.2024;Sport Utility VehiHealthy Fast Food Chainle Sales;I Love Betty;-0.089
4.18.2024;Sport Utility VehiHealthy Fast Food Chainle Sales;Freaky Vacations;0.22
4.18.2024;Sport Utility VehiHealthy Fast Food Chainle Sales;The Evening Show;0.604
4.18.2024;Sport Utility VehiHealthy Fast Food Chainle Sales;Tonight Tonight;0.08
4.18.2024;Sport Utility VehiHealthy Fast Food Chainle Sales;Nightly News Stories;0.155
4.18.2024;Sport Utility VehiHealthy Fast Food Chainle Sales;Nightly News Stories;0.155
4.18.2024;Sport Utility VehiHealthy Fast Food Chainle Sales;Fix and Flip;0.036
4.18.2024;Sport Utility VehiHealthy Fast Food Chainle Sales;Fix and Flip;0.036
4.18.2024;Sport Utility VehiHealthy Fast Food Chainle Sales;Daybreak Dish;0.074
4.18.2024;Sport Utility VehiHealthy Fast Food Chainle Sales;Portable Homes;-0.078
4.18.2024;Sport Utility VehiHealthy Fast Food Chainle Sales;Portable Homes;-0.078
4.18.2024;Sport Utility VehiHealthy Fast Food Chainle Sales;Sister Home Sellers;0.398
4.18.2024;Sport Utility VehiHealthy Fast Food Chainle Sales;New Gal;-0.089
4.18.2024;Sport Utility VehiHealthy Fast Food Chainle Sales;New Gal;-0.089
4.18.2024;Sport Utility VehiHealthy Fast Food Chainle Sales;Planet Hypothesis;0.22
4.18.2024;Sport Utility VehiHealthy Fast Food Chainle Sales;Planet Hypothesis;0.22
4.18.2024;Sport Utility VehiHealthy Fast Food Chainle Sales;ER Drama;0.601
4.18.2024;Sport Utility VehiHealthy Fast Food Chainle Sales;ER Drama;0.601
4.25.2024;Healthy Fast Food Chain;Together Forever;0.01
4.25.2024;Healthy Fast Food Chain;Waltzing with the Famous;0.406
4.25.2024;Healthy Fast Food Chain;Orlando Vice;0.264
4.25.2024;Healthy Fast Food Chain;Orlando Vice;0.264
4.25.2024;Healthy Fast Food Chain;Maui Five Ten;0.418
4.25.2024;Healthy Fast Food Chain;Maui Five Ten;0.418
4.25.2024;Healthy Fast Food Chain;Freaky Vacations;0.22
4.25.2024;Healthy Fast Food Chain;Freaky Vacations;0.22
4.25.2024;Healthy Fast Food Chain;The Evening Show;0.604
4.25.2024;Healthy Fast Food Chain;Tonight Tonight;0.08
4.25.2024;Healthy Fast Food Chain;Nightly News Stories;0.155
4.25.2024;Healthy Fast Food Chain;Nightly News Stories;0.155
4.25.2024;Healthy Fast Food Chain;Fix and Flip;0.036
4.25.2024;Healthy Fast Food Chain;Fix and Flip;0.036
4.25.2024;Healthy Fast Food Chain;Portable Homes;-0.078
4.25.2024;Healthy Fast Food Chain;Sister Home Sellers;0.398
4.25.2024;Healthy Fast Food Chain;New Gal;-0.089
4.25.2024;Healthy Fast Food Chain;Planet Hypothesis;0.22
4.25.2024;Healthy Fast Food Chain;Planet Hypothesis;0.22
4.25.2024;Healthy Fast Food Chain;ER Drama;0.601
4.25.2024;Home Cleaning Product;Portable Homes;-0.078
4.25.2024;Popular Soft Drink;Maui Five Ten;0.418
4.25.2024;Popular Soft Drink;Fix and Flip;0.036
4.25.2024;Popular Soft Drink;Sister Home Sellers;0.398
4.25.2024;Popular Soft Drink;New Gal;-0.089
4.25.2024;Retail Big Box Store;Together Forever;0.01
4.25.2024;Retail Big Box Store;Waltzing with the Famous;0.406
4.25.2024;Retail Big Box Store;Orlando Vice;0.264
4.25.2024;Retail Big Box Store;Orlando Vice;0.264
4.25.2024;Retail Big Box Store;Maui Five Ten;0.418
4.25.2024;Retail Big Box Store;Maui Five Ten;0.418
4.25.2024;Retail Big Box Store;Rescue Squad;0.425
4.25.2024;Retail Big Box Store;Neighborhood Patrol;0.314
4.25.2024;Retail Big Box Store;Family Fraud;0.007
4.25.2024;Retail Big Box Store;Freaky Vacations;0.22
4.25.2024;Retail Big Box Store;The Young and the Reckless;0.015
4.25.2024;Retail Big Box Store;The Young and the Reckless;0.015
4.25.2024;Retail Big Box Store;The Evening Show;0.604
4.25.2024;Retail Big Box Store;Tonight Tonight;0.08
4.25.2024;Retail Big Box Store;Late Hours;0.083
4.25.2024;Retail Big Box Store;Late Hours;0.083
4.25.2024;Retail Big Box Store;Nightly News Stories;0.155
4.25.2024;Retail Big Box Store;Nightly News Stories;0.155
4.25.2024;Retail Big Box Store;Fix and Flip;0.036
4.25.2024;Retail Big Box Store;Fix and Flip;0.036
4.25.2024;Retail Big Box Store;Portable Homes;-0.078
4.25.2024;Retail Big Box Store;Sister Home Sellers;0.398
4.25.2024;Retail Big Box Store;Sister Home Sellers;0.398
4.25.2024;Retail Big Box Store;New Gal;-0.089
4.25.2024;Retail Big Box Store;Planet Hypothesis;0.22
4.25.2024;Retail Big Box Store;Planet Hypothesis;0.22
4.25.2024;Retail Big Box Store;ER Drama;0.601
4.25.2024;Sport Utility VehiHealthy Fast Food Chainle Sales;Together Forever;0.01
4.25.2024;Sport Utility VehiHealthy Fast Food Chainle Sales;Waltzing with the Famous;0.406
4.25.2024;Sport Utility VehiHealthy Fast Food Chainle Sales;Orlando Vice;0.264
4.25.2024;Sport Utility VehiHealthy Fast Food Chainle Sales;Maui Five Ten;0.418
4.25.2024;Sport Utility VehiHealthy Fast Food Chainle Sales;Rescue Squad;0.425
4.25.2024;Sport Utility VehiHealthy Fast Food Chainle Sales;Neighborhood Patrol;0.314
4.25.2024;Sport Utility VehiHealthy Fast Food Chainle Sales;Family Fraud;0.007
4.25.2024;Sport Utility VehiHealthy Fast Food Chainle Sales;I Love Betty;-0.089
4.25.2024;Sport Utility VehiHealthy Fast Food Chainle Sales;Freaky Vacations;0.22
4.25.2024;Sport Utility VehiHealthy Fast Food Chainle Sales;The Young and the Reckless;0.015
4.25.2024;Sport Utility VehiHealthy Fast Food Chainle Sales;Tonight Tonight;0.08
4.25.2024;Sport Utility VehiHealthy Fast Food Chainle Sales;Late Hours;0.083
4.25.2024;Sport Utility VehiHealthy Fast Food Chainle Sales;Nightly News Stories;0.155
4.25.2024;Sport Utility VehiHealthy Fast Food Chainle Sales;Fix and Flip;0.036
4.25.2024;Sport Utility VehiHealthy Fast Food Chainle Sales;Portable Homes;-0.078
4.25.2024;Sport Utility VehiHealthy Fast Food Chainle Sales;Sister Home Sellers;0.398
4.25.2024;Sport Utility VehiHealthy Fast Food Chainle Sales;New Gal;-0.089
4.25.2024;Sport Utility VehiHealthy Fast Food Chainle Sales;Planet Hypothesis;0.22
4.25.2024;Sport Utility VehiHealthy Fast Food Chainle Sales;ER Drama;0.601
05.02.2024;Healthy Fast Food Chain;Waltzing with the Famous;0.406
05.02.2024;Healthy Fast Food Chain;Orlando Vice;0.264
05.02.2024;Healthy Fast Food Chain;Orlando Vice;0.264
05.02.2024;Healthy Fast Food Chain;Maui Five Ten;0.418
05.02.2024;Healthy Fast Food Chain;Maui Five Ten;0.418
05.02.2024;Healthy Fast Food Chain;Neighborhood Patrol;0.314
05.02.2024;Healthy Fast Food Chain;Freaky Vacations;0.22
05.02.2024;Healthy Fast Food Chain;The Evening Show;0.604
05.02.2024;Healthy Fast Food Chain;The Evening Show;0.604
05.02.2024;Healthy Fast Food Chain;Tonight Tonight;0.08
05.02.2024;Healthy Fast Food Chain;Nightly News Stories;0.155
05.02.2024;Healthy Fast Food Chain;Fix and Flip;0.036
05.02.2024;Healthy Fast Food Chain;Fix and Flip;0.036
05.02.2024;Healthy Fast Food Chain;Portable Homes;-0.078
05.02.2024;Healthy Fast Food Chain;Sister Home Sellers;0.398
05.02.2024;Healthy Fast Food Chain;Sister Home Sellers;0.398
05.02.2024;Healthy Fast Food Chain;New Gal;-0.089
05.02.2024;Healthy Fast Food Chain;Planet Hypothesis;0.22
05.02.2024;Healthy Fast Food Chain;Planet Hypothesis;0.22
05.02.2024;Retail Big Box Store;Together Forever;0.01
05.02.2024;Retail Big Box Store;Together Forever;0.01
05.02.2024;Retail Big Box Store;Orlando Vice;0.264
05.02.2024;Retail Big Box Store;Orlando Vice;0.264
05.02.2024;Retail Big Box Store;Maui Five Ten;0.418
05.02.2024;Retail Big Box Store;Rescue Squad;0.425
05.02.2024;Retail Big Box Store;Neighborhood Patrol;0.314
05.02.2024;Retail Big Box Store;The Evening Show;0.604
05.02.2024;Retail Big Box Store;Late Hours;0.083
05.02.2024;Retail Big Box Store;Fix and Flip;0.036
05.02.2024;Retail Big Box Store;Portable Homes;-0.078
05.02.2024;Retail Big Box Store;Sister Home Sellers;0.398
05.02.2024;Retail Big Box Store;New Gal;-0.089
05.02.2024;Retail Big Box Store;Planet Hypothesis;0.22
05.02.2024;Retail Big Box Store;ER Drama;0.601
05.02.2024;Sport Utility VehiHealthy Fast Food Chainle Sales;Together Forever;0.01
05.02.2024;Sport Utility VehiHealthy Fast Food Chainle Sales;Together Forever;0.01
05.02.2024;Sport Utility VehiHealthy Fast Food Chainle Sales;Waltzing with the Famous;0.406
05.02.2024;Sport Utility VehiHealthy Fast Food Chainle Sales;Orlando Vice;0.264
05.02.2024;Sport Utility VehiHealthy Fast Food Chainle Sales;Orlando Vice;0.264
05.02.2024;Sport Utility VehiHealthy Fast Food Chainle Sales;Maui Five Ten;0.418
05.02.2024;Sport Utility VehiHealthy Fast Food Chainle Sales;Rescue Squad;0.425
05.02.2024;Sport Utility VehiHealthy Fast Food Chainle Sales;Rescue Squad;0.425
05.02.2024;Sport Utility VehiHealthy Fast Food Chainle Sales;Neighborhood Patrol;0.314
05.02.2024;Sport Utility VehiHealthy Fast Food Chainle Sales;Neighborhood Patrol;0.314
05.02.2024;Sport Utility VehiHealthy Fast Food Chainle Sales;Family Fraud;0.007
05.02.2024;Sport Utility VehiHealthy Fast Food Chainle Sales;I Love Betty;-0.089
05.02.2024;Sport Utility VehiHealthy Fast Food Chainle Sales;I Love Betty;-0.089
05.02.2024;Sport Utility VehiHealthy Fast Food Chainle Sales;The Evening Show;0.604
05.02.2024;Sport Utility VehiHealthy Fast Food Chainle Sales;The Evening Show;0.604
05.02.2024;Sport Utility VehiHealthy Fast Food Chainle Sales;Tonight Tonight;0.08
05.02.2024;Sport Utility VehiHealthy Fast Food Chainle Sales;Late Hours;0.083
05.02.2024;Sport Utility VehiHealthy Fast Food Chainle Sales;Nightly News Stories;0.155
05.02.2024;Sport Utility VehiHealthy Fast Food Chainle Sales;Nightly News Stories;0.155
05.02.2024;Sport Utility VehiHealthy Fast Food Chainle Sales;Fix and Flip;0.036
05.02.2024;Sport Utility VehiHealthy Fast Food Chainle Sales;Fix and Flip;0.036
05.02.2024;Sport Utility VehiHealthy Fast Food Chainle Sales;Portable Homes;-0.078
05.02.2024;Sport Utility VehiHealthy Fast Food Chainle Sales;Portable Homes;-0.078
05.02.2024;Sport Utility VehiHealthy Fast Food Chainle Sales;Sister Home Sellers;0.398
05.02.2024;Sport Utility VehiHealthy Fast Food Chainle Sales;Sister Home Sellers;0.398
05.02.2024;Sport Utility VehiHealthy Fast Food Chainle Sales;New Gal;-0.089
05.02.2024;Sport Utility VehiHealthy Fast Food Chainle Sales;Planet Hypothesis;0.22
05.02.2024;Sport Utility VehiHealthy Fast Food Chainle Sales;Planet Hypothesis;0.22
05.02.2024;Sport Utility VehiHealthy Fast Food Chainle Sales;ER Drama;0.601
05.02.2024;Sport Utility VehiHealthy Fast Food Chainle Sales;ER Drama;0.601
05.09.2024;Healthy Fast Food Chain;Waltzing with the Famous;0.406
05.09.2024;Healthy Fast Food Chain;Orlando Vice;0.264
05.09.2024;Healthy Fast Food Chain;Orlando Vice;0.264
05.09.2024;Healthy Fast Food Chain;Maui Five Ten;0.418
05.09.2024;Healthy Fast Food Chain;Maui Five Ten;0.418
05.09.2024;Healthy Fast Food Chain;Freaky Vacations;0.22
05.09.2024;Healthy Fast Food Chain;Tonight Tonight;0.08
05.09.2024;Healthy Fast Food Chain;Nightly News Stories;0.155
05.09.2024;Healthy Fast Food Chain;Fix and Flip;0.036
05.09.2024;Healthy Fast Food Chain;Fix and Flip;0.036
05.09.2024;Healthy Fast Food Chain;Portable Homes;-0.078
05.09.2024;Healthy Fast Food Chain;Sister Home Sellers;0.398
05.09.2024;Healthy Fast Food Chain;New Gal;-0.089
05.09.2024;Healthy Fast Food Chain;Planet Hypothesis;0.22
05.09.2024;Healthy Fast Food Chain;Planet Hypothesis;0.22
05.09.2024;Healthy Fast Food Chain;ER Drama;0.601
05.09.2024;Online Dating Site;Rescue Squad;0.425
05.09.2024;Popular Soft Drink;Fix and Flip;0.036
05.09.2024;Retail Big Box Store;Together Forever;0.01
05.09.2024;Retail Big Box Store;Together Forever;0.01
05.09.2024;Retail Big Box Store;Waltzing with the Famous;0.406
05.09.2024;Retail Big Box Store;Orlando Vice;0.264
05.09.2024;Retail Big Box Store;Maui Five Ten;0.418
05.09.2024;Retail Big Box Store;Maui Five Ten;0.418
05.09.2024;Retail Big Box Store;Rescue Squad;0.425
05.09.2024;Retail Big Box Store;Family Fraud;0.007
05.09.2024;Retail Big Box Store;Freaky Vacations;0.22
05.09.2024;Retail Big Box Store;Tonight Tonight;0.08
05.09.2024;Retail Big Box Store;Late Hours;0.083
05.09.2024;Retail Big Box Store;Nightly News Stories;0.155
05.09.2024;Retail Big Box Store;Fix and Flip;0.036
05.09.2024;Retail Big Box Store;Fix and Flip;0.036
05.09.2024;Retail Big Box Store;Portable Homes;-0.078
05.09.2024;Retail Big Box Store;Sister Home Sellers;0.398
05.09.2024;Retail Big Box Store;Sister Home Sellers;0.398
05.09.2024;Retail Big Box Store;New Gal;-0.089
05.09.2024;Retail Big Box Store;New Gal;-0.089
05.09.2024;Retail Big Box Store;Planet Hypothesis;0.22
05.09.2024;Retail Big Box Store;Planet Hypothesis;0.22
05.09.2024;Retail Big Box Store;ER Drama;0.601
05.09.2024;Sport Utility VehiHealthy Fast Food Chainle Sales;Together Forever;0.01
05.09.2024;Sport Utility VehiHealthy Fast Food Chainle Sales;Together Forever;0.01
05.09.2024;Sport Utility VehiHealthy Fast Food Chainle Sales;Waltzing with the Famous;0.406
05.09.2024;Sport Utility VehiHealthy Fast Food Chainle Sales;Orlando Vice;0.264
05.09.2024;Sport Utility VehiHealthy Fast Food Chainle Sales;Maui Five Ten;0.418
05.09.2024;Sport Utility VehiHealthy Fast Food Chainle Sales;Maui Five Ten;0.418
05.09.2024;Sport Utility VehiHealthy Fast Food Chainle Sales;Rescue Squad;0.425
05.09.2024;Sport Utility VehiHealthy Fast Food Chainle Sales;Rescue Squad;0.425
05.09.2024;Sport Utility VehiHealthy Fast Food Chainle Sales;Family Fraud;0.007
05.09.2024;Sport Utility VehiHealthy Fast Food Chainle Sales;I Love Betty;-0.089
05.09.2024;Sport Utility VehiHealthy Fast Food Chainle Sales;I Love Betty;-0.089
05.09.2024;Sport Utility VehiHealthy Fast Food Chainle Sales;Freaky Vacations;0.22
05.09.2024;Sport Utility VehiHealthy Fast Food Chainle Sales;Freaky Vacations;0.22
05.09.2024;Sport Utility VehiHealthy Fast Food Chainle Sales;Tonight Tonight;0.08
05.09.2024;Sport Utility VehiHealthy Fast Food Chainle Sales;Nightly News Stories;0.155
05.09.2024;Sport Utility VehiHealthy Fast Food Chainle Sales;Fix and Flip;0.036
05.09.2024;Sport Utility VehiHealthy Fast Food Chainle Sales;Fix and Flip;0.036
05.09.2024;Sport Utility VehiHealthy Fast Food Chainle Sales;Portable Homes;-0.078
05.09.2024;Sport Utility VehiHealthy Fast Food Chainle Sales;Portable Homes;-0.078
05.09.2024;Sport Utility VehiHealthy Fast Food Chainle Sales;Sister Home Sellers;0.398
05.09.2024;Sport Utility VehiHealthy Fast Food Chainle Sales;Sister Home Sellers;0.398
05.09.2024;Sport Utility VehiHealthy Fast Food Chainle Sales;New Gal;-0.089
05.09.2024;Sport Utility VehiHealthy Fast Food Chainle Sales;New Gal;-0.089
05.09.2024;Sport Utility VehiHealthy Fast Food Chainle Sales;Planet Hypothesis;0.22
05.09.2024;Sport Utility VehiHealthy Fast Food Chainle Sales;Planet Hypothesis;0.22
05.09.2024;Sport Utility VehiHealthy Fast Food Chainle Sales;ER Drama;0.601
05.09.2024;Sport Utility VehiHealthy Fast Food Chainle Sales;ER Drama;0.601
5.16.2024;Healthy Fast Food Chain;Together Forever;0.01
5.16.2024;Healthy Fast Food Chain;Together Forever;0.01
5.16.2024;Healthy Fast Food Chain;Waltzing with the Famous;0.406
5.16.2024;Healthy Fast Food Chain;Cannot Fool Me;0.155
5.16.2024;Healthy Fast Food Chain;Orlando Vice;0.264
5.16.2024;Healthy Fast Food Chain;Orlando Vice;0.264
5.16.2024;Healthy Fast Food Chain;Maui Five Ten;0.418
5.16.2024;Healthy Fast Food Chain;Maui Five Ten;0.418
5.16.2024;Healthy Fast Food Chain;Tours of the Wild West;0.031
5.16.2024;Healthy Fast Food Chain;Freaky Vacations;0.22
5.16.2024;Healthy Fast Food Chain;Freaky Vacations;0.22
5.16.2024;Healthy Fast Food Chain;Nightly News Stories;0.155
5.16.2024;Healthy Fast Food Chain;Nightly News Stories;0.155
5.16.2024;Healthy Fast Food Chain;Fix and Flip;0.036
5.16.2024;Healthy Fast Food Chain;Fix and Flip;0.036
5.16.2024;Healthy Fast Food Chain;Portable Homes;-0.078
5.16.2024;Healthy Fast Food Chain;Portable Homes;-0.078
5.16.2024;Healthy Fast Food Chain;Sister Home Sellers;0.398
5.16.2024;Healthy Fast Food Chain;New Gal;-0.089
5.16.2024;Healthy Fast Food Chain;Planet Hypothesis;0.22
5.16.2024;Healthy Fast Food Chain;Planet Hypothesis;0.22
5.16.2024;Healthy Fast Food Chain;ER Drama;0.601
5.16.2024;Home Cleaning Product;Together Forever;0.01
5.16.2024;Home Cleaning Product;Late Hours;0.083
5.16.2024;Home Cleaning Product;Portable Homes;-0.078
5.16.2024;Home Cleaning Product;Planet Hypothesis;0.22
5.16.2024;Online Dating Site;Rescue Squad;0.425
5.16.2024;Popular Soft Drink;Waltzing with the Famous;0.406
5.16.2024;Popular Soft Drink;Maui Five Ten;0.418
5.16.2024;Popular Soft Drink;Sister Home Sellers;0.398
5.16.2024;Retail Big Box Store;Together Forever;0.01
5.16.2024;Retail Big Box Store;Together Forever;0.01
5.16.2024;Retail Big Box Store;Waltzing with the Famous;0.406
5.16.2024;Retail Big Box Store;Cannot Fool Me;0.155
5.16.2024;Retail Big Box Store;Cannot Fool Me;0.155
5.16.2024;Retail Big Box Store;Orlando Vice;0.264
5.16.2024;Retail Big Box Store;Maui Five Ten;0.418
5.16.2024;Retail Big Box Store;Maui Five Ten;0.418
5.16.2024;Retail Big Box Store;Family Fraud;0.007
5.16.2024;Retail Big Box Store;Tours of the Wild West;0.031
5.16.2024;Retail Big Box Store;Freaky Vacations;0.22
5.16.2024;Retail Big Box Store;Freaky Vacations;0.22
5.16.2024;Retail Big Box Store;Tonight Tonight;0.08
5.16.2024;Retail Big Box Store;Tonight Tonight;0.08
5.16.2024;Retail Big Box Store;Late Hours;0.083
5.16.2024;Retail Big Box Store;Nightly News Stories;0.155
5.16.2024;Retail Big Box Store;Nightly News Stories;0.155
5.16.2024;Retail Big Box Store;Fix and Flip;0.036
5.16.2024;Retail Big Box Store;Fix and Flip;0.036
5.16.2024;Retail Big Box Store;Sister Home Sellers;0.398
5.16.2024;Retail Big Box Store;Sister Home Sellers;0.398
5.16.2024;Retail Big Box Store;New Gal;-0.089
5.16.2024;Retail Big Box Store;Planet Hypothesis;0.22
5.16.2024;Retail Big Box Store;Planet Hypothesis;0.22
5.16.2024;Retail Big Box Store;ER Drama;0.601
5.16.2024;Sport Utility VehiHealthy Fast Food Chainle Sales;Together Forever;0.01
5.16.2024;Sport Utility VehiHealthy Fast Food Chainle Sales;Together Forever;0.01
5.16.2024;Sport Utility VehiHealthy Fast Food Chainle Sales;Waltzing with the Famous;0.406
5.16.2024;Sport Utility VehiHealthy Fast Food Chainle Sales;Waltzing with the Famous;0.406
5.16.2024;Sport Utility VehiHealthy Fast Food Chainle Sales;Cannot Fool Me;0.155
5.16.2024;Sport Utility VehiHealthy Fast Food Chainle Sales;Cannot Fool Me;0.155
5.16.2024;Sport Utility VehiHealthy Fast Food Chainle Sales;Orlando Vice;0.264
5.16.2024;Sport Utility VehiHealthy Fast Food Chainle Sales;Orlando Vice;0.264
5.16.2024;Sport Utility VehiHealthy Fast Food Chainle Sales;Maui Five Ten;0.418
5.16.2024;Sport Utility VehiHealthy Fast Food Chainle Sales;Rescue Squad;0.425
5.16.2024;Sport Utility VehiHealthy Fast Food Chainle Sales;Rescue Squad;0.425
5.16.2024;Sport Utility VehiHealthy Fast Food Chainle Sales;Family Fraud;0.007
5.16.2024;Sport Utility VehiHealthy Fast Food Chainle Sales;I Love Betty;-0.089
5.16.2024;Sport Utility VehiHealthy Fast Food Chainle Sales;I Love Betty;-0.089
5.16.2024;Sport Utility VehiHealthy Fast Food Chainle Sales;Tours of the Wild West;0.031
5.16.2024;Sport Utility VehiHealthy Fast Food Chainle Sales;Freaky Vacations;0.22
5.16.2024;Sport Utility VehiHealthy Fast Food Chainle Sales;Freaky Vacations;0.22
5.16.2024;Sport Utility VehiHealthy Fast Food Chainle Sales;Tonight Tonight;0.08
5.16.2024;Sport Utility VehiHealthy Fast Food Chainle Sales;Nightly News Stories;0.155
5.16.2024;Sport Utility VehiHealthy Fast Food Chainle Sales;Fix and Flip;0.036
5.16.2024;Sport Utility VehiHealthy Fast Food Chainle Sales;Fix and Flip;0.036
5.16.2024;Sport Utility VehiHealthy Fast Food Chainle Sales;Portable Homes;-0.078
5.16.2024;Sport Utility VehiHealthy Fast Food Chainle Sales;Portable Homes;-0.078
5.16.2024;Sport Utility VehiHealthy Fast Food Chainle Sales;Sister Home Sellers;0.398
5.16.2024;Sport Utility VehiHealthy Fast Food Chainle Sales;Sister Home Sellers;0.398
5.16.2024;Sport Utility VehiHealthy Fast Food Chainle Sales;New Gal;-0.089
5.16.2024;Sport Utility VehiHealthy Fast Food Chainle Sales;New Gal;-0.089
5.16.2024;Sport Utility VehiHealthy Fast Food Chainle Sales;Planet Hypothesis;0.22
5.16.2024;Sport Utility VehiHealthy Fast Food Chainle Sales;Planet Hypothesis;0.22
5.16.2024;Sport Utility VehiHealthy Fast Food Chainle Sales;ER Drama;0.601
5.16.2024;Sport Utility VehiHealthy Fast Food Chainle Sales;ER Drama;0.601
5.30.2024;Healthy Fast Food Chain;Together Forever;-0.056
5.30.2024;Healthy Fast Food Chain;Waltzing with the Famous;0.345
5.30.2024;Healthy Fast Food Chain;Waltzing with the Famous;0.345
5.30.2024;Healthy Fast Food Chain;Orlando Vice;0.2
5.30.2024;Healthy Fast Food Chain;Orlando Vice;0.2
5.30.2024;Healthy Fast Food Chain;Maui Five Ten;0.25
5.30.2024;Healthy Fast Food Chain;Maui Five Ten;0.25
5.30.2024;Healthy Fast Food Chain;Tours of the Wild West;0.12
5.30.2024;Healthy Fast Food Chain;Nightly News Stories;0.27
5.30.2024;Healthy Fast Food Chain;Nightly News Stories;0.27
5.30.2024;Healthy Fast Food Chain;Fix and Flip;-0.036
5.30.2024;Healthy Fast Food Chain;Fix and Flip;-0.036
5.30.2024;Healthy Fast Food Chain;Portable Homes;-0.063
5.30.2024;Healthy Fast Food Chain;Portable Homes;-0.063
5.30.2024;Healthy Fast Food Chain;Sister Home Sellers;0.222
5.30.2024;Healthy Fast Food Chain;New Gal;-0.193
5.30.2024;Healthy Fast Food Chain;Planet Hypothesis;0.245
5.30.2024;Home Cleaning Product;Together Forever;-0.056
5.30.2024;Home Cleaning Product;Late Hours;-0.025
5.30.2024;Home Cleaning Product;Planet Hypothesis;0.245
5.30.2024;Popular Soft Drink;Maui Five Ten;0.25
5.30.2024;Popular Soft Drink;Fix and Flip;-0.036
5.30.2024;Popular Soft Drink;Sister Home Sellers;0.222
5.30.2024;Retail Big Box Store;See and Sold;0.408
5.30.2024;Retail Big Box Store;See and Sold;0.408
5.30.2024;Retail Big Box Store;Together Forever;-0.056
5.30.2024;Retail Big Box Store;Together Forever;-0.056
5.30.2024;Retail Big Box Store;Waltzing with the Famous;0.345
5.30.2024;Retail Big Box Store;Orlando Vice;0.2
5.30.2024;Retail Big Box Store;Orlando Vice;0.2
5.30.2024;Retail Big Box Store;Maui Five Ten;0.25
5.30.2024;Retail Big Box Store;Maui Five Ten;0.25
5.30.2024;Retail Big Box Store;Rescue Squad;0.371
5.30.2024;Retail Big Box Store;Family Fraud;-0.029
5.30.2024;Retail Big Box Store;Tonight Tonight;0.073
5.30.2024;Retail Big Box Store;Late Hours;-0.025
5.30.2024;Retail Big Box Store;Late Hours;-0.025
5.30.2024;Retail Big Box Store;Nightly News Stories;0.27
5.30.2024;Retail Big Box Store;Nightly News Stories;0.27
5.30.2024;Retail Big Box Store;Fix and Flip;-0.036
5.30.2024;Retail Big Box Store;Fix and Flip;-0.036
5.30.2024;Retail Big Box Store;Sister Home Sellers;0.222
5.30.2024;Retail Big Box Store;Sister Home Sellers;0.222
5.30.2024;Retail Big Box Store;New Gal;-0.193
5.30.2024;Retail Big Box Store;Planet Hypothesis;0.245
5.30.2024;Retail Big Box Store;Planet Hypothesis;0.245
5.30.2024;Retail Big Box Store;ER Drama;0.579
5.30.2024;Sport Utility VehiHealthy Fast Food Chainle Sales;See and Sold;0.408
5.30.2024;Sport Utility VehiHealthy Fast Food Chainle Sales;See and Sold;0.408
5.30.2024;Sport Utility VehiHealthy Fast Food Chainle Sales;Together Forever;-0.056
5.30.2024;Sport Utility VehiHealthy Fast Food Chainle Sales;Together Forever;-0.056
5.30.2024;Sport Utility VehiHealthy Fast Food Chainle Sales;Waltzing with the Famous;0.345
5.30.2024;Sport Utility VehiHealthy Fast Food Chainle Sales;Orlando Vice;0.2
5.30.2024;Sport Utility VehiHealthy Fast Food Chainle Sales;Orlando Vice;0.2
5.30.2024;Sport Utility VehiHealthy Fast Food Chainle Sales;Maui Five Ten;0.25
5.30.2024;Sport Utility VehiHealthy Fast Food Chainle Sales;Maui Five Ten;0.25
5.30.2024;Sport Utility VehiHealthy Fast Food Chainle Sales;Rescue Squad;0.371
5.30.2024;Sport Utility VehiHealthy Fast Food Chainle Sales;Rescue Squad;0.371
5.30.2024;Sport Utility VehiHealthy Fast Food Chainle Sales;Family Fraud;-0.029
5.30.2024;Sport Utility VehiHealthy Fast Food Chainle Sales;I Love Betty;-0.064
5.30.2024;Sport Utility VehiHealthy Fast Food Chainle Sales;I Love Betty;-0.064
5.30.2024;Sport Utility VehiHealthy Fast Food Chainle Sales;Tours of the Wild West;0.12
5.30.2024;Sport Utility VehiHealthy Fast Food Chainle Sales;Tours of the Wild West;0.12
5.30.2024;Sport Utility VehiHealthy Fast Food Chainle Sales;Tonight Tonight;0.073
5.30.2024;Sport Utility VehiHealthy Fast Food Chainle Sales;Late Hours;-0.025
5.30.2024;Sport Utility VehiHealthy Fast Food Chainle Sales;Nightly News Stories;0.27
5.30.2024;Sport Utility VehiHealthy Fast Food Chainle Sales;Fix and Flip;-0.036
5.30.2024;Sport Utility VehiHealthy Fast Food Chainle Sales;Fix and Flip;-0.036
5.30.2024;Sport Utility VehiHealthy Fast Food Chainle Sales;Portable Homes;-0.063
5.30.2024;Sport Utility VehiHealthy Fast Food Chainle Sales;Portable Homes;-0.063
5.30.2024;Sport Utility VehiHealthy Fast Food Chainle Sales;Sister Home Sellers;0.222
5.30.2024;Sport Utility VehiHealthy Fast Food Chainle Sales;Sister Home Sellers;0.222
5.30.2024;Sport Utility VehiHealthy Fast Food Chainle Sales;New Gal;-0.193
5.30.2024;Sport Utility VehiHealthy Fast Food Chainle Sales;New Gal;-0.193
5.30.2024;Sport Utility VehiHealthy Fast Food Chainle Sales;Planet Hypothesis;0.245
5.30.2024;Sport Utility VehiHealthy Fast Food Chainle Sales;Planet Hypothesis;0.245
5.30.2024;Sport Utility VehiHealthy Fast Food Chainle Sales;ER Drama;0.579
06.06.2024;Healthy Fast Food Chain;Together Forever;-0.056
06.06.2024;Healthy Fast Food Chain;Waltzing with the Famous;0.345
06.06.2024;Healthy Fast Food Chain;Waltzing with the Famous;0.345
06.06.2024;Healthy Fast Food Chain;Orlando Vice;0.2
06.06.2024;Healthy Fast Food Chain;Orlando Vice;0.2
06.06.2024;Healthy Fast Food Chain;Maui Five Ten;0.25
06.06.2024;Healthy Fast Food Chain;Maui Five Ten;0.25
06.06.2024;Healthy Fast Food Chain;Nightly News Stories;0.27
06.06.2024;Healthy Fast Food Chain;Nightly News Stories;0.27
06.06.2024;Healthy Fast Food Chain;Fix and Flip;-0.036
06.06.2024;Healthy Fast Food Chain;Fix and Flip;-0.036
06.06.2024;Healthy Fast Food Chain;Portable Homes;-0.063
06.06.2024;Healthy Fast Food Chain;Sister Home Sellers;0.222
06.06.2024;Healthy Fast Food Chain;New Gal;-0.193
06.06.2024;Healthy Fast Food Chain;Planet Hypothesis;0.245
06.06.2024;Healthy Fast Food Chain;ER Drama;0.579
06.06.2024;Online Dating Site;Rescue Squad;0.371
06.06.2024;Popular Soft Drink;Waltzing with the Famous;0.345
06.06.2024;Popular Soft Drink;Nightly News Stories;0.27
06.06.2024;Popular Soft Drink;Sister Home Sellers;0.222
06.06.2024;Retail Big Box Store;Together Forever;-0.056
06.06.2024;Retail Big Box Store;Waltzing with the Famous;0.345
06.06.2024;Retail Big Box Store;Orlando Vice;0.2
06.06.2024;Retail Big Box Store;Maui Five Ten;0.25
06.06.2024;Retail Big Box Store;Rescue Squad;0.371
06.06.2024;Retail Big Box Store;Tours of the Wild West;0.12
06.06.2024;Retail Big Box Store;Late Hours;-0.025
06.06.2024;Retail Big Box Store;Nightly News Stories;0.27
06.06.2024;Retail Big Box Store;Fix and Flip;-0.036
06.06.2024;Retail Big Box Store;Sister Home Sellers;0.222
06.06.2024;Retail Big Box Store;Planet Hypothesis;0.245
06.06.2024;Sport Utility VehiHealthy Fast Food Chainle Sales;See and Sold;0.408
06.06.2024;Sport Utility VehiHealthy Fast Food Chainle Sales;See and Sold;0.408
06.06.2024;Sport Utility VehiHealthy Fast Food Chainle Sales;Together Forever;-0.056
06.06.2024;Sport Utility VehiHealthy Fast Food Chainle Sales;Waltzing with the Famous;0.345
06.06.2024;Sport Utility VehiHealthy Fast Food Chainle Sales;Waltzing with the Famous;0.345
06.06.2024;Sport Utility VehiHealthy Fast Food Chainle Sales;Orlando Vice;0.2
06.06.2024;Sport Utility VehiHealthy Fast Food Chainle Sales;Orlando Vice;0.2
06.06.2024;Sport Utility VehiHealthy Fast Food Chainle Sales;Maui Five Ten;0.25
06.06.2024;Sport Utility VehiHealthy Fast Food Chainle Sales;Rescue Squad;0.371
06.06.2024;Sport Utility VehiHealthy Fast Food Chainle Sales;Rescue Squad;0.371
06.06.2024;Sport Utility VehiHealthy Fast Food Chainle Sales;Family Fraud;-0.029
06.06.2024;Sport Utility VehiHealthy Fast Food Chainle Sales;I Love Betty;-0.064
06.06.2024;Sport Utility VehiHealthy Fast Food Chainle Sales;I Love Betty;-0.064
06.06.2024;Sport Utility VehiHealthy Fast Food Chainle Sales;Tours of the Wild West;0.12
06.06.2024;Sport Utility VehiHealthy Fast Food Chainle Sales;Tours of the Wild West;0.12
06.06.2024;Sport Utility VehiHealthy Fast Food Chainle Sales;Tonight Tonight;0.073
06.06.2024;Sport Utility VehiHealthy Fast Food Chainle Sales;Late Hours;-0.025
06.06.2024;Sport Utility VehiHealthy Fast Food Chainle Sales;Nightly News Stories;0.27
06.06.2024;Sport Utility VehiHealthy Fast Food Chainle Sales;Nightly News Stories;0.27
06.06.2024;Sport Utility VehiHealthy Fast Food Chainle Sales;Fix and Flip;-0.036
06.06.2024;Sport Utility VehiHealthy Fast Food Chainle Sales;Fix and Flip;-0.036
06.06.2024;Sport Utility VehiHealthy Fast Food Chainle Sales;Portable Homes;-0.063
06.06.2024;Sport Utility VehiHealthy Fast Food Chainle Sales;Portable Homes;-0.063
06.06.2024;Sport Utility VehiHealthy Fast Food Chainle Sales;Sister Home Sellers;0.222
06.06.2024;Sport Utility VehiHealthy Fast Food Chainle Sales;Sister Home Sellers;0.222
06.06.2024;Sport Utility VehiHealthy Fast Food Chainle Sales;New Gal;-0.193
06.06.2024;Sport Utility VehiHealthy Fast Food Chainle Sales;New Gal;-0.193
06.06.2024;Sport Utility VehiHealthy Fast Food Chainle Sales;Planet Hypothesis;0.245
06.06.2024;Sport Utility VehiHealthy Fast Food Chainle Sales;Planet Hypothesis;0.245
6.13.2024;Healthy Fast Food Chain;Waltzing with the Famous;0.345
6.13.2024;Healthy Fast Food Chain;Orlando Vice;0.2
6.13.2024;Healthy Fast Food Chain;Weird Flavors;0.475
6.13.2024;Healthy Fast Food Chain;Tours of the Wild West;0.12
6.13.2024;Healthy Fast Food Chain;Nightly News Stories;0.27
6.13.2024;Healthy Fast Food Chain;Fix and Flip;-0.036
6.13.2024;Healthy Fast Food Chain;Portable Homes;-0.063
6.13.2024;Healthy Fast Food Chain;Portable Homes;-0.063
6.13.2024;Healthy Fast Food Chain;New Gal;-0.193
6.13.2024;Healthy Fast Food Chain;Planet Hypothesis;0.245
6.13.2024;Online Dating Site;Rescue Squad;0.371
6.13.2024;Retail Big Box Store;Together Forever;-0.056
6.13.2024;Retail Big Box Store;Waltzing with the Famous;0.345
6.13.2024;Retail Big Box Store;Orlando Vice;0.2
6.13.2024;Retail Big Box Store;Orlando Vice;0.2
6.13.2024;Retail Big Box Store;Maui Five Ten;0.25
6.13.2024;Retail Big Box Store;Rescue Squad;0.371
6.13.2024;Retail Big Box Store;Family Fraud;-0.029
6.13.2024;Retail Big Box Store;Weird Flavors;0.475
6.13.2024;Retail Big Box Store;Weird Flavors;0.475
6.13.2024;Retail Big Box Store;Tours of the Wild West;0.12
6.13.2024;Retail Big Box Store;Tonight Tonight;0.073
6.13.2024;Retail Big Box Store;Late Hours;-0.025
6.13.2024;Retail Big Box Store;Late Hours;-0.025
6.13.2024;Retail Big Box Store;Nightly News Stories;0.27
6.13.2024;Retail Big Box Store;Nightly News Stories;0.27
6.13.2024;Retail Big Box Store;Fix and Flip;-0.036
6.13.2024;Retail Big Box Store;Fix and Flip;-0.036
6.13.2024;Retail Big Box Store;Portable Homes;-0.063
6.13.2024;Retail Big Box Store;Sister Home Sellers;0.222
6.13.2024;Retail Big Box Store;Sister Home Sellers;0.222
6.13.2024;Retail Big Box Store;New Gal;-0.193
6.13.2024;Retail Big Box Store;Planet Hypothesis;0.245
6.13.2024;Retail Big Box Store;Planet Hypothesis;0.245
6.13.2024;Sport Utility VehiHealthy Fast Food Chainle Sales;See and Sold;0.408
6.13.2024;Sport Utility VehiHealthy Fast Food Chainle Sales;See and Sold;0.408
6.13.2024;Sport Utility VehiHealthy Fast Food Chainle Sales;Together Forever;-0.056
6.13.2024;Sport Utility VehiHealthy Fast Food Chainle Sales;Waltzing with the Famous;0.345
6.13.2024;Sport Utility VehiHealthy Fast Food Chainle Sales;Waltzing with the Famous;0.345
6.13.2024;Sport Utility VehiHealthy Fast Food Chainle Sales;Orlando Vice;0.2
6.13.2024;Sport Utility VehiHealthy Fast Food Chainle Sales;Orlando Vice;0.2
6.13.2024;Sport Utility VehiHealthy Fast Food Chainle Sales;Maui Five Ten;0.25
6.13.2024;Sport Utility VehiHealthy Fast Food Chainle Sales;Rescue Squad;0.371
6.13.2024;Sport Utility VehiHealthy Fast Food Chainle Sales;Rescue Squad;0.371
6.13.2024;Sport Utility VehiHealthy Fast Food Chainle Sales;Family Fraud;-0.029
6.13.2024;Sport Utility VehiHealthy Fast Food Chainle Sales;I Love Betty;-0.064
6.13.2024;Sport Utility VehiHealthy Fast Food Chainle Sales;I Love Betty;-0.064
6.13.2024;Sport Utility VehiHealthy Fast Food Chainle Sales;Weird Flavors;0.475
6.13.2024;Sport Utility VehiHealthy Fast Food Chainle Sales;Weird Flavors;0.475
6.13.2024;Sport Utility VehiHealthy Fast Food Chainle Sales;Tours of the Wild West;0.12
6.13.2024;Sport Utility VehiHealthy Fast Food Chainle Sales;Tours of the Wild West;0.12
6.13.2024;Sport Utility VehiHealthy Fast Food Chainle Sales;Tonight Tonight;0.073
6.13.2024;Sport Utility VehiHealthy Fast Food Chainle Sales;Late Hours;-0.025
6.13.2024;Sport Utility VehiHealthy Fast Food Chainle Sales;Nightly News Stories;0.27
6.13.2024;Sport Utility VehiHealthy Fast Food Chainle Sales;Fix and Flip;-0.036
6.13.2024;Sport Utility VehiHealthy Fast Food Chainle Sales;Fix and Flip;-0.036
6.13.2024;Sport Utility VehiHealthy Fast Food Chainle Sales;Portable Homes;-0.063
6.13.2024;Sport Utility VehiHealthy Fast Food Chainle Sales;Portable Homes;-0.063
6.13.2024;Sport Utility VehiHealthy Fast Food Chainle Sales;Sister Home Sellers;0.222
6.13.2024;Sport Utility VehiHealthy Fast Food Chainle Sales;Sister Home Sellers;0.222
6.13.2024;Sport Utility VehiHealthy Fast Food Chainle Sales;New Gal;-0.193
6.13.2024;Sport Utility VehiHealthy Fast Food Chainle Sales;New Gal;-0.193
6.13.2024;Sport Utility VehiHealthy Fast Food Chainle Sales;Planet Hypothesis;0.245
6.20.2024;Healthy Fast Food Chain;Orlando Vice;0.2
6.20.2024;Healthy Fast Food Chain;Maui Five Ten;0.25
6.20.2024;Healthy Fast Food Chain;Weird Flavors;0.475
6.20.2024;Healthy Fast Food Chain;Tours of the Wild West;0.12
6.20.2024;Healthy Fast Food Chain;Tonight Tonight;0.073
6.20.2024;Healthy Fast Food Chain;Nightly News Stories;0.27
6.20.2024;Healthy Fast Food Chain;Fix and Flip;-0.036
6.20.2024;Healthy Fast Food Chain;Portable Homes;-0.063
6.20.2024;Healthy Fast Food Chain;Sister Home Sellers;0.222
6.20.2024;Healthy Fast Food Chain;Sister Home Sellers;0.222
6.20.2024;Healthy Fast Food Chain;New Gal;-0.193
6.20.2024;Healthy Fast Food Chain;Planet Hypothesis;0.245
6.20.2024;Online Dating Site;Rescue Squad;0.371
6.20.2024;Popular Soft Drink;Waltzing with the Famous;0.345
6.20.2024;Popular Soft Drink;Maui Five Ten;0.25
6.20.2024;Popular Soft Drink;Nightly News Stories;0.27
6.20.2024;Popular Soft Drink;Fix and Flip;-0.036
6.20.2024;Popular Soft Drink;Sister Home Sellers;0.222
6.20.2024;Retail Big Box Store;Together Forever;-0.056
6.20.2024;Retail Big Box Store;Waltzing with the Famous;0.345
6.20.2024;Retail Big Box Store;Orlando Vice;0.2
6.20.2024;Retail Big Box Store;Orlando Vice;0.2
6.20.2024;Retail Big Box Store;Maui Five Ten;0.25
6.20.2024;Retail Big Box Store;Rescue Squad;0.371
6.20.2024;Retail Big Box Store;Family Fraud;-0.029
6.20.2024;Retail Big Box Store;Weird Flavors;0.475
6.20.2024;Retail Big Box Store;Weird Flavors;0.475
6.20.2024;Retail Big Box Store;Tours of the Wild West;0.12
6.20.2024;Retail Big Box Store;The Young and the Reckless;0.038
6.20.2024;Retail Big Box Store;The Young and the Reckless;0.038
6.20.2024;Retail Big Box Store;Tonight Tonight;0.073
6.20.2024;Retail Big Box Store;Late Hours;-0.025
6.20.2024;Retail Big Box Store;Late Hours;-0.025
6.20.2024;Retail Big Box Store;Fix and Flip;-0.036
6.20.2024;Retail Big Box Store;Fix and Flip;-0.036
6.20.2024;Retail Big Box Store;Portable Homes;-0.063
6.20.2024;Retail Big Box Store;Portable Homes;-0.063
6.20.2024;Retail Big Box Store;Sister Home Sellers;0.222
6.20.2024;Retail Big Box Store;Sister Home Sellers;0.222
6.20.2024;Retail Big Box Store;New Gal;-0.193
6.20.2024;Retail Big Box Store;Planet Hypothesis;0.245
6.20.2024;Retail Big Box Store;Planet Hypothesis;0.245
6.20.2024;Sport Utility VehiHealthy Fast Food Chainle Sales;See and Sold;0.408
6.20.2024;Sport Utility VehiHealthy Fast Food Chainle Sales;See and Sold;0.408
6.20.2024;Sport Utility VehiHealthy Fast Food Chainle Sales;Together Forever;-0.056
6.20.2024;Sport Utility VehiHealthy Fast Food Chainle Sales;Waltzing with the Famous;0.345
6.20.2024;Sport Utility VehiHealthy Fast Food Chainle Sales;Orlando Vice;0.2
6.20.2024;Sport Utility VehiHealthy Fast Food Chainle Sales;Orlando Vice;0.2
6.20.2024;Sport Utility VehiHealthy Fast Food Chainle Sales;Maui Five Ten;0.25
6.20.2024;Sport Utility VehiHealthy Fast Food Chainle Sales;I Love Betty;-0.064
6.20.2024;Sport Utility VehiHealthy Fast Food Chainle Sales;Weird Flavors;0.475
6.20.2024;Sport Utility VehiHealthy Fast Food Chainle Sales;Hot Air Balloon Cruises;0.315
6.20.2024;Sport Utility VehiHealthy Fast Food Chainle Sales;Tours of the Wild West;0.12
6.20.2024;Sport Utility VehiHealthy Fast Food Chainle Sales;Tours of the Wild West;0.12
6.20.2024;Sport Utility VehiHealthy Fast Food Chainle Sales;The Young and the Reckless;0.038
6.20.2024;Sport Utility VehiHealthy Fast Food Chainle Sales;The Young and the Reckless;0.038
6.20.2024;Sport Utility VehiHealthy Fast Food Chainle Sales;Tonight Tonight;0.073
6.20.2024;Sport Utility VehiHealthy Fast Food Chainle Sales;Late Hours;-0.025
6.20.2024;Sport Utility VehiHealthy Fast Food Chainle Sales;Nightly News Stories;0.27
6.20.2024;Sport Utility VehiHealthy Fast Food Chainle Sales;Fix and Flip;-0.036
6.20.2024;Sport Utility VehiHealthy Fast Food Chainle Sales;Fix and Flip;-0.036
6.20.2024;Sport Utility VehiHealthy Fast Food Chainle Sales;Portable Homes;-0.063
6.20.2024;Sport Utility VehiHealthy Fast Food Chainle Sales;Sister Home Sellers;0.222
6.20.2024;Sport Utility VehiHealthy Fast Food Chainle Sales;Sister Home Sellers;0.222
6.20.2024;Sport Utility VehiHealthy Fast Food Chainle Sales;New Gal;-0.193
6.20.2024;Sport Utility VehiHealthy Fast Food Chainle Sales;New Gal;-0.193
6.20.2024;Sport Utility VehiHealthy Fast Food Chainle Sales;Planet Hypothesis;0.245
6.27.2024;Healthy Fast Food Chain;Maui Five Ten;0.25
6.27.2024;Healthy Fast Food Chain;Rescue Squad;0.371
6.27.2024;Healthy Fast Food Chain;Rescue Squad;0.371
6.27.2024;Healthy Fast Food Chain;Nightly News Stories;0.27
6.27.2024;Healthy Fast Food Chain;Fix and Flip;-0.036
6.27.2024;Healthy Fast Food Chain;Daybreak Dish;0.03
6.27.2024;Healthy Fast Food Chain;Portable Homes;-0.063
6.27.2024;Healthy Fast Food Chain;Portable Homes;-0.063
6.27.2024;Healthy Fast Food Chain;Sister Home Sellers;0.222
6.27.2024;Healthy Fast Food Chain;New Gal;-0.193
6.27.2024;Healthy Fast Food Chain;ER Drama;0.579
6.27.2024;Online Dating Site;Rescue Squad;0.371
6.27.2024;Popular Soft Drink;Portable Homes;-0.063
6.27.2024;Popular Soft Drink;Sister Home Sellers;0.222
6.27.2024;Retail Big Box Store;Together Forever;-0.056
6.27.2024;Retail Big Box Store;Together Forever;-0.056
6.27.2024;Retail Big Box Store;Waltzing with the Famous;0.345
6.27.2024;Retail Big Box Store;Orlando Vice;0.2
6.27.2024;Retail Big Box Store;Orlando Vice;0.2
6.27.2024;Retail Big Box Store;Maui Five Ten;0.25
6.27.2024;Retail Big Box Store;Rescue Squad;0.371
6.27.2024;Retail Big Box Store;Family Fraud;-0.029
6.27.2024;Retail Big Box Store;Weird Flavors;0.475
6.27.2024;Retail Big Box Store;Tours of the Wild West;0.12
6.27.2024;Retail Big Box Store;The Young and the Reckless;0.038
6.27.2024;Retail Big Box Store;Tonight Tonight;0.073
6.27.2024;Retail Big Box Store;Late Hours;-0.025
6.27.2024;Retail Big Box Store;Late Hours;-0.025
6.27.2024;Retail Big Box Store;Nightly News Stories;0.27
6.27.2024;Retail Big Box Store;Fix and Flip;-0.036
6.27.2024;Retail Big Box Store;Fix and Flip;-0.036
6.27.2024;Retail Big Box Store;Portable Homes;-0.063
6.27.2024;Retail Big Box Store;Sister Home Sellers;0.222
6.27.2024;Retail Big Box Store;Sister Home Sellers;0.222
6.27.2024;Retail Big Box Store;New Gal;-0.193
6.27.2024;Retail Big Box Store;Planet Hypothesis;0.245
6.27.2024;Retail Big Box Store;Planet Hypothesis;0.245
6.27.2024;Sport Utility VehiHealthy Fast Food Chainle Sales;See and Sold;0.408
6.27.2024;Sport Utility VehiHealthy Fast Food Chainle Sales;See and Sold;0.408
6.27.2024;Sport Utility VehiHealthy Fast Food Chainle Sales;Together Forever;-0.056
6.27.2024;Sport Utility VehiHealthy Fast Food Chainle Sales;Waltzing with the Famous;0.345
6.27.2024;Sport Utility VehiHealthy Fast Food Chainle Sales;Waltzing with the Famous;0.345
6.27.2024;Sport Utility VehiHealthy Fast Food Chainle Sales;Orlando Vice;0.2
6.27.2024;Sport Utility VehiHealthy Fast Food Chainle Sales;Orlando Vice;0.2
6.27.2024;Sport Utility VehiHealthy Fast Food Chainle Sales;Maui Five Ten;0.25
6.27.2024;Sport Utility VehiHealthy Fast Food Chainle Sales;Maui Five Ten;0.25
6.27.2024;Sport Utility VehiHealthy Fast Food Chainle Sales;Rescue Squad;0.371
6.27.2024;Sport Utility VehiHealthy Fast Food Chainle Sales;Family Fraud;-0.029
6.27.2024;Sport Utility VehiHealthy Fast Food Chainle Sales;Weird Flavors;0.475
6.27.2024;Sport Utility VehiHealthy Fast Food Chainle Sales;Weird Flavors;0.475
6.27.2024;Sport Utility VehiHealthy Fast Food Chainle Sales;Hot Air Balloon Cruises;0.315
6.27.2024;Sport Utility VehiHealthy Fast Food Chainle Sales;Hot Air Balloon Cruises;0.315
6.27.2024;Sport Utility VehiHealthy Fast Food Chainle Sales;Tours of the Wild West;0.12
6.27.2024;Sport Utility VehiHealthy Fast Food Chainle Sales;Tours of the Wild West;0.12
6.27.2024;Sport Utility VehiHealthy Fast Food Chainle Sales;The Young and the Reckless;0.038
6.27.2024;Sport Utility VehiHealthy Fast Food Chainle Sales;Tonight Tonight;0.073
6.27.2024;Sport Utility VehiHealthy Fast Food Chainle Sales;Nightly News Stories;0.27
6.27.2024;Sport Utility VehiHealthy Fast Food Chainle Sales;Fix and Flip;-0.036
6.27.2024;Sport Utility VehiHealthy Fast Food Chainle Sales;Fix and Flip;-0.036
6.27.2024;Sport Utility VehiHealthy Fast Food Chainle Sales;Portable Homes;-0.063
6.27.2024;Sport Utility VehiHealthy Fast Food Chainle Sales;Portable Homes;-0.063
6.27.2024;Sport Utility VehiHealthy Fast Food Chainle Sales;International Villas;0.318
6.27.2024;Sport Utility VehiHealthy Fast Food Chainle Sales;International Villas;0.318
6.27.2024;Sport Utility VehiHealthy Fast Food Chainle Sales;Sister Home Sellers;0.222
6.27.2024;Sport Utility VehiHealthy Fast Food Chainle Sales;New Gal;-0.193
6.27.2024;Sport Utility VehiHealthy Fast Food Chainle Sales;Planet Hypothesis;0.245
6.27.2024;Sport Utility VehiHealthy Fast Food Chainle Sales;Planet Hypothesis;0.245
6.27.2024;Sport Utility VehiHealthy Fast Food Chainle Sales;ER Drama;0.579
6.27.2024;Sport Utility VehiHealthy Fast Food Chainle Sales;ER Drama;0.579
07.04.2024;Healthy Fast Food Chain;Maui Five Ten;0.25
07.04.2024;Healthy Fast Food Chain;Tonight Tonight;0.073
07.04.2024;Healthy Fast Food Chain;Nightly News Stories;0.27
07.04.2024;Healthy Fast Food Chain;Portable Homes;-0.063
07.04.2024;Healthy Fast Food Chain;New Gal;-0.193
07.04.2024;Healthy Fast Food Chain;ER Drama;0.579
07.04.2024;Online Dating Site;Rescue Squad;0.371
07.04.2024;Popular Soft Drink;Portable Homes;-0.063
07.04.2024;Popular Soft Drink;Sister Home Sellers;0.222
07.04.2024;Retail Big Box Store;Together Forever;-0.056
07.04.2024;Retail Big Box Store;Together Forever;-0.056
07.04.2024;Retail Big Box Store;Waltzing with the Famous;0.345
07.04.2024;Retail Big Box Store;Orlando Vice;0.2
07.04.2024;Retail Big Box Store;Orlando Vice;0.2
07.04.2024;Retail Big Box Store;Maui Five Ten;0.25
07.04.2024;Retail Big Box Store;Maui Five Ten;0.25
07.04.2024;Retail Big Box Store;Rescue Squad;0.371
07.04.2024;Retail Big Box Store;Family Fraud;-0.029
07.04.2024;Retail Big Box Store;Weird Flavors;0.475
07.04.2024;Retail Big Box Store;Tours of the Wild West;0.12
07.04.2024;Retail Big Box Store;The Young and the Reckless;0.038
07.04.2024;Retail Big Box Store;The Young and the Reckless;0.038
07.04.2024;Retail Big Box Store;Tonight Tonight;0.073
07.04.2024;Retail Big Box Store;Tonight Tonight;0.073
07.04.2024;Retail Big Box Store;Late Hours;-0.025
07.04.2024;Retail Big Box Store;Late Hours;-0.025
07.04.2024;Retail Big Box Store;Nightly News Stories;0.27
07.04.2024;Retail Big Box Store;Fix and Flip;-0.036
07.04.2024;Retail Big Box Store;Fix and Flip;-0.036
07.04.2024;Retail Big Box Store;Portable Homes;-0.063
07.04.2024;Retail Big Box Store;International Villas;0.318
07.04.2024;Retail Big Box Store;Sister Home Sellers;0.222
07.04.2024;Retail Big Box Store;Sister Home Sellers;0.222
07.04.2024;Retail Big Box Store;New Gal;-0.193
07.04.2024;Retail Big Box Store;Planet Hypothesis;0.245
07.04.2024;Retail Big Box Store;Planet Hypothesis;0.245
07.04.2024;Retail Big Box Store;ER Drama;0.579
07.04.2024;Sport Utility VehiHealthy Fast Food Chainle Sales;Together Forever;-0.056
07.04.2024;Sport Utility VehiHealthy Fast Food Chainle Sales;Together Forever;-0.056
07.04.2024;Sport Utility VehiHealthy Fast Food Chainle Sales;Waltzing with the Famous;0.345
07.04.2024;Sport Utility VehiHealthy Fast Food Chainle Sales;Waltzing with the Famous;0.345
07.04.2024;Sport Utility VehiHealthy Fast Food Chainle Sales;Orlando Vice;0.2
07.04.2024;Sport Utility VehiHealthy Fast Food Chainle Sales;Orlando Vice;0.2
07.04.2024;Sport Utility VehiHealthy Fast Food Chainle Sales;Maui Five Ten;0.25
07.04.2024;Sport Utility VehiHealthy Fast Food Chainle Sales;Maui Five Ten;0.25
07.04.2024;Sport Utility VehiHealthy Fast Food Chainle Sales;Rescue Squad;0.371
07.04.2024;Sport Utility VehiHealthy Fast Food Chainle Sales;Family Fraud;-0.029
07.04.2024;Sport Utility VehiHealthy Fast Food Chainle Sales;I Love Betty;-0.064
07.04.2024;Sport Utility VehiHealthy Fast Food Chainle Sales;I Love Betty;-0.064
07.04.2024;Sport Utility VehiHealthy Fast Food Chainle Sales;Weird Flavors;0.475
07.04.2024;Sport Utility VehiHealthy Fast Food Chainle Sales;Hot Air Balloon Cruises;0.315
07.04.2024;Sport Utility VehiHealthy Fast Food Chainle Sales;Hot Air Balloon Cruises;0.315
07.04.2024;Sport Utility VehiHealthy Fast Food Chainle Sales;Tours of the Wild West;0.12
07.04.2024;Sport Utility VehiHealthy Fast Food Chainle Sales;Tours of the Wild West;0.12
07.04.2024;Sport Utility VehiHealthy Fast Food Chainle Sales;The Young and the Reckless;0.038
07.04.2024;Sport Utility VehiHealthy Fast Food Chainle Sales;The Young and the Reckless;0.038
07.04.2024;Sport Utility VehiHealthy Fast Food Chainle Sales;Tonight Tonight;0.073
07.04.2024;Sport Utility VehiHealthy Fast Food Chainle Sales;Late Hours;-0.025
07.04.2024;Sport Utility VehiHealthy Fast Food Chainle Sales;Nightly News Stories;0.27
07.04.2024;Sport Utility VehiHealthy Fast Food Chainle Sales;Nightly News Stories;0.27
07.04.2024;Sport Utility VehiHealthy Fast Food Chainle Sales;Fix and Flip;-0.036
07.04.2024;Sport Utility VehiHealthy Fast Food Chainle Sales;Fix and Flip;-0.036
07.04.2024;Sport Utility VehiHealthy Fast Food Chainle Sales;Portable Homes;-0.063
07.04.2024;Sport Utility VehiHealthy Fast Food Chainle Sales;Portable Homes;-0.063
07.04.2024;Sport Utility VehiHealthy Fast Food Chainle Sales;International Villas;0.318
07.04.2024;Sport Utility VehiHealthy Fast Food Chainle Sales;International Villas;0.318
07.04.2024;Sport Utility VehiHealthy Fast Food Chainle Sales;Sister Home Sellers;0.222
07.04.2024;Sport Utility VehiHealthy Fast Food Chainle Sales;Sister Home Sellers;0.222
07.04.2024;Sport Utility VehiHealthy Fast Food Chainle Sales;New Gal;-0.193
07.04.2024;Sport Utility VehiHealthy Fast Food Chainle Sales;Planet Hypothesis;0.245
07.04.2024;Sport Utility VehiHealthy Fast Food Chainle Sales;Planet Hypothesis;0.245
07.04.2024;Sport Utility VehiHealthy Fast Food Chainle Sales;ER Drama;0.579
07.11.2024;Healthy Fast Food Chain;Nightly News Stories;0.27
07.11.2024;Healthy Fast Food Chain;Sister Home Sellers;0.222
07.11.2024;Healthy Fast Food Chain;New Gal;-0.193
07.11.2024;Healthy Fast Food Chain;Planet Hypothesis;0.245
07.11.2024;Online Dating Site;Rescue Squad;0.371
07.11.2024;Retail Big Box Store;See and Sold;0.408
07.11.2024;Retail Big Box Store;Together Forever;-0.056
07.11.2024;Retail Big Box Store;Together Forever;-0.056
07.11.2024;Retail Big Box Store;Orlando Vice;0.2
07.11.2024;Retail Big Box Store;Orlando Vice;0.2
07.11.2024;Retail Big Box Store;Maui Five Ten;0.25
07.11.2024;Retail Big Box Store;Rescue Squad;0.371
07.11.2024;Retail Big Box Store;Family Fraud;-0.029
07.11.2024;Retail Big Box Store;Weird Flavors;0.475
07.11.2024;Retail Big Box Store;The Young and the Reckless;0.038
07.11.2024;Retail Big Box Store;The Young and the Reckless;0.038
07.11.2024;Retail Big Box Store;Tonight Tonight;0.073
07.11.2024;Retail Big Box Store;Tonight Tonight;0.073
07.11.2024;Retail Big Box Store;Late Hours;-0.025
07.11.2024;Retail Big Box Store;Late Hours;-0.025
07.11.2024;Retail Big Box Store;Nightly News Stories;0.27
07.11.2024;Retail Big Box Store;Nightly News Stories;0.27
07.11.2024;Retail Big Box Store;Fix and Flip;-0.036
07.11.2024;Retail Big Box Store;Fix and Flip;-0.036
07.11.2024;Retail Big Box Store;Portable Homes;-0.063
07.11.2024;Retail Big Box Store;International Villas;0.318
07.11.2024;Retail Big Box Store;Sister Home Sellers;0.222
07.11.2024;Retail Big Box Store;Sister Home Sellers;0.222
07.11.2024;Retail Big Box Store;New Gal;-0.193
07.11.2024;Retail Big Box Store;Planet Hypothesis;0.245
07.11.2024;Retail Big Box Store;Planet Hypothesis;0.245
07.11.2024;Sport Utility VehiHealthy Fast Food Chainle Sales;See and Sold;0.408
07.11.2024;Sport Utility VehiHealthy Fast Food Chainle Sales;See and Sold;0.408
07.11.2024;Sport Utility VehiHealthy Fast Food Chainle Sales;Together Forever;-0.056
07.11.2024;Sport Utility VehiHealthy Fast Food Chainle Sales;Waltzing with the Famous;0.345
07.11.2024;Sport Utility VehiHealthy Fast Food Chainle Sales;Waltzing with the Famous;0.345
07.11.2024;Sport Utility VehiHealthy Fast Food Chainle Sales;Orlando Vice;0.2
07.11.2024;Sport Utility VehiHealthy Fast Food Chainle Sales;Maui Five Ten;0.25
07.11.2024;Sport Utility VehiHealthy Fast Food Chainle Sales;Maui Five Ten;0.25
07.11.2024;Sport Utility VehiHealthy Fast Food Chainle Sales;Family Fraud;-0.029
07.11.2024;Sport Utility VehiHealthy Fast Food Chainle Sales;I Love Betty;-0.064
07.11.2024;Sport Utility VehiHealthy Fast Food Chainle Sales;I Love Betty;-0.064
07.11.2024;Sport Utility VehiHealthy Fast Food Chainle Sales;Weird Flavors;0.475
07.11.2024;Sport Utility VehiHealthy Fast Food Chainle Sales;Weird Flavors;0.475
07.11.2024;Sport Utility VehiHealthy Fast Food Chainle Sales;Hot Air Balloon Cruises;0.315
07.11.2024;Sport Utility VehiHealthy Fast Food Chainle Sales;Hot Air Balloon Cruises;0.315
07.11.2024;Sport Utility VehiHealthy Fast Food Chainle Sales;Tours of the Wild West;0.12
07.11.2024;Sport Utility VehiHealthy Fast Food Chainle Sales;The Young and the Reckless;0.038
07.11.2024;Sport Utility VehiHealthy Fast Food Chainle Sales;The Young and the Reckless;0.038
07.11.2024;Sport Utility VehiHealthy Fast Food Chainle Sales;Tonight Tonight;0.073
07.11.2024;Sport Utility VehiHealthy Fast Food Chainle Sales;Late Hours;-0.025
07.11.2024;Sport Utility VehiHealthy Fast Food Chainle Sales;Nightly News Stories;0.27
07.11.2024;Sport Utility VehiHealthy Fast Food Chainle Sales;Fix and Flip;-0.036
07.11.2024;Sport Utility VehiHealthy Fast Food Chainle Sales;Fix and Flip;-0.036
07.11.2024;Sport Utility VehiHealthy Fast Food Chainle Sales;Portable Homes;-0.063
07.11.2024;Sport Utility VehiHealthy Fast Food Chainle Sales;Portable Homes;-0.063
07.11.2024;Sport Utility VehiHealthy Fast Food Chainle Sales;International Villas;0.318
07.11.2024;Sport Utility VehiHealthy Fast Food Chainle Sales;International Villas;0.318
07.11.2024;Sport Utility VehiHealthy Fast Food Chainle Sales;Sister Home Sellers;0.222
07.11.2024;Sport Utility VehiHealthy Fast Food Chainle Sales;Sister Home Sellers;0.222
07.11.2024;Sport Utility VehiHealthy Fast Food Chainle Sales;New Gal;-0.193
07.11.2024;Sport Utility VehiHealthy Fast Food Chainle Sales;Planet Hypothesis;0.245
07.11.2024;Sport Utility VehiHealthy Fast Food Chainle Sales;Planet Hypothesis;0.245
07.11.2024;Sport Utility VehiHealthy Fast Food Chainle Sales;ER Drama;0.579
07.11.2024;Sport Utility VehiHealthy Fast Food Chainle Sales;ER Drama;0.579
7.18.2024;Healthy Fast Food Chain;Waltzing with the Famous;0.345
7.18.2024;Healthy Fast Food Chain;Orlando Vice;0.2
7.18.2024;Healthy Fast Food Chain;Tours of the Wild West;0.12
7.18.2024;Healthy Fast Food Chain;Nightly News Stories;0.27
7.18.2024;Healthy Fast Food Chain;Fix and Flip;-0.036
7.18.2024;Healthy Fast Food Chain;Fix and Flip;-0.036
7.18.2024;Healthy Fast Food Chain;Portable Homes;-0.063
7.18.2024;Healthy Fast Food Chain;Sister Home Sellers;0.222
7.18.2024;Healthy Fast Food Chain;New Gal;-0.193
7.18.2024;Healthy Fast Food Chain;Planet Hypothesis;0.245
7.18.2024;Healthy Fast Food Chain;Planet Hypothesis;0.245
7.18.2024;Healthy Fast Food Chain;ER Drama;0.579
7.18.2024;Online Dating Site;Rescue Squad;0.371
7.18.2024;Popular Soft Drink;Fix and Flip;-0.036
7.18.2024;Popular Soft Drink;Sister Home Sellers;0.222
7.18.2024;Retail Big Box Store;Together Forever;-0.056
7.18.2024;Retail Big Box Store;Together Forever;-0.056
7.18.2024;Retail Big Box Store;Orlando Vice;0.2
7.18.2024;Retail Big Box Store;Orlando Vice;0.2
7.18.2024;Retail Big Box Store;Maui Five Ten;0.25
7.18.2024;Retail Big Box Store;Maui Five Ten;0.25
7.18.2024;Retail Big Box Store;Rescue Squad;0.371
7.18.2024;Retail Big Box Store;Family Fraud;-0.029
7.18.2024;Retail Big Box Store;Tours of the Wild West;0.12
7.18.2024;Retail Big Box Store;Tonight Tonight;0.073
7.18.2024;Retail Big Box Store;Late Hours;-0.025
7.18.2024;Retail Big Box Store;Late Hours;-0.025
7.18.2024;Retail Big Box Store;Nightly News Stories;0.27
7.18.2024;Retail Big Box Store;Nightly News Stories;0.27
7.18.2024;Retail Big Box Store;Fix and Flip;-0.036
7.18.2024;Retail Big Box Store;Fix and Flip;-0.036
7.18.2024;Retail Big Box Store;Portable Homes;-0.063
7.18.2024;Retail Big Box Store;Portable Homes;-0.063
7.18.2024;Retail Big Box Store;International Villas;0.318
7.18.2024;Retail Big Box Store;Sister Home Sellers;0.222
7.18.2024;Retail Big Box Store;Sister Home Sellers;0.222
7.18.2024;Retail Big Box Store;New Gal;-0.193
7.18.2024;Retail Big Box Store;Planet Hypothesis;0.245
7.18.2024;Retail Big Box Store;ER Drama;0.579
7.18.2024;Sport Utility VehiHealthy Fast Food Chainle Sales;See and Sold;0.408
7.18.2024;Sport Utility VehiHealthy Fast Food Chainle Sales;See and Sold;0.408
7.18.2024;Sport Utility VehiHealthy Fast Food Chainle Sales;Together Forever;-0.056
7.18.2024;Sport Utility VehiHealthy Fast Food Chainle Sales;Waltzing with the Famous;0.345
7.18.2024;Sport Utility VehiHealthy Fast Food Chainle Sales;Waltzing with the Famous;0.345
7.18.2024;Sport Utility VehiHealthy Fast Food Chainle Sales;Orlando Vice;0.2
7.18.2024;Sport Utility VehiHealthy Fast Food Chainle Sales;Orlando Vice;0.2
7.18.2024;Sport Utility VehiHealthy Fast Food Chainle Sales;Maui Five Ten;0.25
7.18.2024;Sport Utility VehiHealthy Fast Food Chainle Sales;Maui Five Ten;0.25
7.18.2024;Sport Utility VehiHealthy Fast Food Chainle Sales;Family Fraud;-0.029
7.18.2024;Sport Utility VehiHealthy Fast Food Chainle Sales;I Love Betty;-0.064
7.18.2024;Sport Utility VehiHealthy Fast Food Chainle Sales;I Love Betty;-0.064
7.18.2024;Sport Utility VehiHealthy Fast Food Chainle Sales;Weird Flavors;0.475
7.18.2024;Sport Utility VehiHealthy Fast Food Chainle Sales;Hot Air Balloon Cruises;0.315
7.18.2024;Sport Utility VehiHealthy Fast Food Chainle Sales;Hot Air Balloon Cruises;0.315
7.18.2024;Sport Utility VehiHealthy Fast Food Chainle Sales;Tours of the Wild West;0.12
7.18.2024;Sport Utility VehiHealthy Fast Food Chainle Sales;Tours of the Wild West;0.12
7.18.2024;Sport Utility VehiHealthy Fast Food Chainle Sales;Tonight Tonight;0.073
7.18.2024;Sport Utility VehiHealthy Fast Food Chainle Sales;Late Hours;-0.025
7.18.2024;Sport Utility VehiHealthy Fast Food Chainle Sales;Nightly News Stories;0.27
7.18.2024;Sport Utility VehiHealthy Fast Food Chainle Sales;Nightly News Stories;0.27
7.18.2024;Sport Utility VehiHealthy Fast Food Chainle Sales;Fix and Flip;-0.036
7.18.2024;Sport Utility VehiHealthy Fast Food Chainle Sales;Fix and Flip;-0.036
7.18.2024;Sport Utility VehiHealthy Fast Food Chainle Sales;Portable Homes;-0.063
7.18.2024;Sport Utility VehiHealthy Fast Food Chainle Sales;Portable Homes;-0.063
7.18.2024;Sport Utility VehiHealthy Fast Food Chainle Sales;International Villas;0.318
7.18.2024;Sport Utility VehiHealthy Fast Food Chainle Sales;International Villas;0.318
7.18.2024;Sport Utility VehiHealthy Fast Food Chainle Sales;Sister Home Sellers;0.222
7.18.2024;Sport Utility VehiHealthy Fast Food Chainle Sales;Sister Home Sellers;0.222
7.18.2024;Sport Utility VehiHealthy Fast Food Chainle Sales;New Gal;-0.193
7.18.2024;Sport Utility VehiHealthy Fast Food Chainle Sales;Planet Hypothesis;0.245
7.18.2024;Sport Utility VehiHealthy Fast Food Chainle Sales;Planet Hypothesis;0.245
7.18.2024;Sport Utility VehiHealthy Fast Food Chainle Sales;ER Drama;0.579
7.25.2024;Healthy Fast Food Chain;Together Forever;-0.056
7.25.2024;Healthy Fast Food Chain;Together Forever;-0.056
7.25.2024;Healthy Fast Food Chain;Waltzing with the Famous;0.345
7.25.2024;Healthy Fast Food Chain;Orlando Vice;0.2
7.25.2024;Healthy Fast Food Chain;Orlando Vice;0.2
7.25.2024;Healthy Fast Food Chain;Family Fraud;-0.029
7.25.2024;Healthy Fast Food Chain;I Love Betty;-0.064
7.25.2024;Healthy Fast Food Chain;Hot Air Balloon Cruises;0.315
7.25.2024;Healthy Fast Food Chain;Tours of the Wild West;0.12
7.25.2024;Healthy Fast Food Chain;Nightly News Stories;0.27
7.25.2024;Healthy Fast Food Chain;Fix and Flip;-0.036
7.25.2024;Healthy Fast Food Chain;Fix and Flip;-0.036
7.25.2024;Healthy Fast Food Chain;Portable Homes;-0.063
7.25.2024;Healthy Fast Food Chain;Portable Homes;-0.063
7.25.2024;Healthy Fast Food Chain;Sister Home Sellers;0.222
7.25.2024;Healthy Fast Food Chain;New Gal;-0.193
7.25.2024;Healthy Fast Food Chain;Planet Hypothesis;0.245
7.25.2024;Healthy Fast Food Chain;Planet Hypothesis;0.245
7.25.2024;Healthy Fast Food Chain;ER Drama;0.579
7.25.2024;Online Dating Site;Rescue Squad;0.371
7.25.2024;Popular Soft Drink;Sister Home Sellers;0.222
7.25.2024;Retail Big Box Store;Together Forever;-0.056
7.25.2024;Retail Big Box Store;Orlando Vice;0.2
7.25.2024;Retail Big Box Store;Orlando Vice;0.2
7.25.2024;Retail Big Box Store;Maui Five Ten;0.25
7.25.2024;Retail Big Box Store;Maui Five Ten;0.25
7.25.2024;Retail Big Box Store;Rescue Squad;0.371
7.25.2024;Retail Big Box Store;Family Fraud;-0.029
7.25.2024;Retail Big Box Store;My First Home;0.598
7.25.2024;Retail Big Box Store;Tours of the Wild West;0.12
7.25.2024;Retail Big Box Store;The Young and the Reckless;0.038
7.25.2024;Retail Big Box Store;The Young and the Reckless;0.038
7.25.2024;Retail Big Box Store;Tonight Tonight;0.073
7.25.2024;Retail Big Box Store;Tonight Tonight;0.073
7.25.2024;Retail Big Box Store;Late Hours;-0.025
7.25.2024;Retail Big Box Store;Late Hours;-0.025
7.25.2024;Retail Big Box Store;Nightly News Stories;0.27
7.25.2024;Retail Big Box Store;Nightly News Stories;0.27
7.25.2024;Retail Big Box Store;Fix and Flip;-0.036
7.25.2024;Retail Big Box Store;Fix and Flip;-0.036
7.25.2024;Retail Big Box Store;Portable Homes;-0.063
7.25.2024;Retail Big Box Store;International Villas;0.318
7.25.2024;Retail Big Box Store;International Villas;0.318
7.25.2024;Retail Big Box Store;Sister Home Sellers;0.222
7.25.2024;Retail Big Box Store;Sister Home Sellers;0.222
7.25.2024;Retail Big Box Store;New Gal;-0.193
7.25.2024;Retail Big Box Store;Planet Hypothesis;0.245
7.25.2024;Retail Big Box Store;Planet Hypothesis;0.245
7.25.2024;Retail Big Box Store;ER Drama;0.579
7.25.2024;Sport Utility VehiHealthy Fast Food Chainle Sales;See and Sold;0.408
7.25.2024;Sport Utility VehiHealthy Fast Food Chainle Sales;See and Sold;0.408
7.25.2024;Sport Utility VehiHealthy Fast Food Chainle Sales;Together Forever;-0.056
7.25.2024;Sport Utility VehiHealthy Fast Food Chainle Sales;Together Forever;-0.056
7.25.2024;Sport Utility VehiHealthy Fast Food Chainle Sales;Waltzing with the Famous;0.345
7.25.2024;Sport Utility VehiHealthy Fast Food Chainle Sales;Waltzing with the Famous;0.345
7.25.2024;Sport Utility VehiHealthy Fast Food Chainle Sales;Orlando Vice;0.2
7.25.2024;Sport Utility VehiHealthy Fast Food Chainle Sales;Orlando Vice;0.2
7.25.2024;Sport Utility VehiHealthy Fast Food Chainle Sales;Maui Five Ten;0.25
7.25.2024;Sport Utility VehiHealthy Fast Food Chainle Sales;Family Fraud;-0.029
7.25.2024;Sport Utility VehiHealthy Fast Food Chainle Sales;I Love Betty;-0.064
7.25.2024;Sport Utility VehiHealthy Fast Food Chainle Sales;I Love Betty;-0.064
7.25.2024;Sport Utility VehiHealthy Fast Food Chainle Sales;My First Home;0.598
7.25.2024;Sport Utility VehiHealthy Fast Food Chainle Sales;My First Home;0.598
7.25.2024;Sport Utility VehiHealthy Fast Food Chainle Sales;Hot Air Balloon Cruises;0.315
7.25.2024;Sport Utility VehiHealthy Fast Food Chainle Sales;Hot Air Balloon Cruises;0.315
7.25.2024;Sport Utility VehiHealthy Fast Food Chainle Sales;Tours of the Wild West;0.12
7.25.2024;Sport Utility VehiHealthy Fast Food Chainle Sales;The Young and the Reckless;0.038
7.25.2024;Sport Utility VehiHealthy Fast Food Chainle Sales;The Young and the Reckless;0.038
7.25.2024;Sport Utility VehiHealthy Fast Food Chainle Sales;Tonight Tonight;0.073
7.25.2024;Sport Utility VehiHealthy Fast Food Chainle Sales;Late Hours;-0.025
7.25.2024;Sport Utility VehiHealthy Fast Food Chainle Sales;Nightly News Stories;0.27
7.25.2024;Sport Utility VehiHealthy Fast Food Chainle Sales;Fix and Flip;-0.036
7.25.2024;Sport Utility VehiHealthy Fast Food Chainle Sales;Fix and Flip;-0.036
7.25.2024;Sport Utility VehiHealthy Fast Food Chainle Sales;Portable Homes;-0.063
7.25.2024;Sport Utility VehiHealthy Fast Food Chainle Sales;Portable Homes;-0.063
7.25.2024;Sport Utility VehiHealthy Fast Food Chainle Sales;International Villas;0.318
7.25.2024;Sport Utility VehiHealthy Fast Food Chainle Sales;International Villas;0.318
7.25.2024;Sport Utility VehiHealthy Fast Food Chainle Sales;Sister Home Sellers;0.222
7.25.2024;Sport Utility VehiHealthy Fast Food Chainle Sales;Sister Home Sellers;0.222
7.25.2024;Sport Utility VehiHealthy Fast Food Chainle Sales;New Gal;-0.193
7.25.2024;Sport Utility VehiHealthy Fast Food Chainle Sales;Planet Hypothesis;0.245
7.25.2024;Sport Utility VehiHealthy Fast Food Chainle Sales;Planet Hypothesis;0.245
7.25.2024;Sport Utility VehiHealthy Fast Food Chainle Sales;ER Drama;0.579
08.01.2024;Healthy Fast Food Chain;Together Forever;-0.056
08.01.2024;Healthy Fast Food Chain;Together Forever;-0.056
08.01.2024;Healthy Fast Food Chain;Orlando Vice;0.2
08.01.2024;Healthy Fast Food Chain;Maui Five Ten;0.25
08.01.2024;Healthy Fast Food Chain;Family Fraud;-0.029
08.01.2024;Healthy Fast Food Chain;I Love Betty;-0.064
08.01.2024;Healthy Fast Food Chain;Weird Flavors;0.475
08.01.2024;Healthy Fast Food Chain;Hot Air Balloon Cruises;0.315
08.01.2024;Healthy Fast Food Chain;Hot Air Balloon Cruises;0.315
08.01.2024;Healthy Fast Food Chain;Tonight Tonight;0.073
08.01.2024;Healthy Fast Food Chain;Nightly News Stories;0.27
08.01.2024;Healthy Fast Food Chain;Nightly News Stories;0.27
08.01.2024;Healthy Fast Food Chain;Fix and Flip;-0.036
08.01.2024;Healthy Fast Food Chain;Fix and Flip;-0.036
08.01.2024;Healthy Fast Food Chain;Portable Homes;-0.063
08.01.2024;Healthy Fast Food Chain;Portable Homes;-0.063
08.01.2024;Healthy Fast Food Chain;International Villas;0.318
08.01.2024;Healthy Fast Food Chain;Sister Home Sellers;0.222
08.01.2024;Healthy Fast Food Chain;New Gal;-0.193
08.01.2024;Healthy Fast Food Chain;Planet Hypothesis;0.245
08.01.2024;Healthy Fast Food Chain;Planet Hypothesis;0.245
08.01.2024;Healthy Fast Food Chain;ER Drama;0.579
08.01.2024;Online Dating Site;Rescue Squad;0.371
08.01.2024;Popular Soft Drink;Sister Home Sellers;0.222
08.01.2024;Retail Big Box Store;Together Forever;-0.056
08.01.2024;Retail Big Box Store;Together Forever;-0.056
08.01.2024;Retail Big Box Store;Waltzing with the Famous;0.345
08.01.2024;Retail Big Box Store;Orlando Vice;0.2
08.01.2024;Retail Big Box Store;Orlando Vice;0.2
08.01.2024;Retail Big Box Store;Maui Five Ten;0.25
08.01.2024;Retail Big Box Store;Rescue Squad;0.371
08.01.2024;Retail Big Box Store;Family Fraud;-0.029
08.01.2024;Retail Big Box Store;My First Home;0.598
08.01.2024;Retail Big Box Store;Weird Flavors;0.475
08.01.2024;Retail Big Box Store;The Young and the Reckless;0.038
08.01.2024;Retail Big Box Store;The Young and the Reckless;0.038
08.01.2024;Retail Big Box Store;Tonight Tonight;0.073
08.01.2024;Retail Big Box Store;Tonight Tonight;0.073
08.01.2024;Retail Big Box Store;Late Hours;-0.025
08.01.2024;Retail Big Box Store;Late Hours;-0.025
08.01.2024;Retail Big Box Store;Nightly News Stories;0.27
08.01.2024;Retail Big Box Store;Nightly News Stories;0.27
08.01.2024;Retail Big Box Store;Fix and Flip;-0.036
08.01.2024;Retail Big Box Store;Fix and Flip;-0.036
08.01.2024;Retail Big Box Store;Portable Homes;-0.063
08.01.2024;Retail Big Box Store;Portable Homes;-0.063
08.01.2024;Retail Big Box Store;Sister Home Sellers;0.222
08.01.2024;Retail Big Box Store;Sister Home Sellers;0.222
08.01.2024;Retail Big Box Store;New Gal;-0.193
08.01.2024;Retail Big Box Store;Planet Hypothesis;0.245
08.01.2024;Retail Big Box Store;Planet Hypothesis;0.245
08.01.2024;Retail Big Box Store;ER Drama;0.579
08.01.2024;Sport Utility VehiHealthy Fast Food Chainle Sales;See and Sold;0.408
08.01.2024;Sport Utility VehiHealthy Fast Food Chainle Sales;See and Sold;0.408
08.01.2024;Sport Utility VehiHealthy Fast Food Chainle Sales;Together Forever;-0.056
08.01.2024;Sport Utility VehiHealthy Fast Food Chainle Sales;Together Forever;-0.056
08.01.2024;Sport Utility VehiHealthy Fast Food Chainle Sales;Waltzing with the Famous;0.345
08.01.2024;Sport Utility VehiHealthy Fast Food Chainle Sales;Orlando Vice;0.2
08.01.2024;Sport Utility VehiHealthy Fast Food Chainle Sales;Maui Five Ten;0.25
08.01.2024;Sport Utility VehiHealthy Fast Food Chainle Sales;Rescue Squad;0.371
08.01.2024;Sport Utility VehiHealthy Fast Food Chainle Sales;Family Fraud;-0.029
08.01.2024;Sport Utility VehiHealthy Fast Food Chainle Sales;I Love Betty;-0.064
08.01.2024;Sport Utility VehiHealthy Fast Food Chainle Sales;I Love Betty;-0.064
08.01.2024;Sport Utility VehiHealthy Fast Food Chainle Sales;My First Home;0.598
08.01.2024;Sport Utility VehiHealthy Fast Food Chainle Sales;My First Home;0.598
08.01.2024;Sport Utility VehiHealthy Fast Food Chainle Sales;Weird Flavors;0.475
08.01.2024;Sport Utility VehiHealthy Fast Food Chainle Sales;Weird Flavors;0.475
08.01.2024;Sport Utility VehiHealthy Fast Food Chainle Sales;Hot Air Balloon Cruises;0.315
08.01.2024;Sport Utility VehiHealthy Fast Food Chainle Sales;Hot Air Balloon Cruises;0.315
08.01.2024;Sport Utility VehiHealthy Fast Food Chainle Sales;The Young and the Reckless;0.038
08.01.2024;Sport Utility VehiHealthy Fast Food Chainle Sales;The Young and the Reckless;0.038
08.01.2024;Sport Utility VehiHealthy Fast Food Chainle Sales;Tonight Tonight;0.073
08.01.2024;Sport Utility VehiHealthy Fast Food Chainle Sales;Late Hours;-0.025
08.01.2024;Sport Utility VehiHealthy Fast Food Chainle Sales;Nightly News Stories;0.27
08.01.2024;Sport Utility VehiHealthy Fast Food Chainle Sales;Nightly News Stories;0.27
08.01.2024;Sport Utility VehiHealthy Fast Food Chainle Sales;Fix and Flip;-0.036
08.01.2024;Sport Utility VehiHealthy Fast Food Chainle Sales;Fix and Flip;-0.036
08.01.2024;Sport Utility VehiHealthy Fast Food Chainle Sales;Portable Homes;-0.063
08.01.2024;Sport Utility VehiHealthy Fast Food Chainle Sales;Portable Homes;-0.063
08.01.2024;Sport Utility VehiHealthy Fast Food Chainle Sales;International Villas;0.318
08.01.2024;Sport Utility VehiHealthy Fast Food Chainle Sales;Sister Home Sellers;0.222
08.01.2024;Sport Utility VehiHealthy Fast Food Chainle Sales;Sister Home Sellers;0.222
08.01.2024;Sport Utility VehiHealthy Fast Food Chainle Sales;New Gal;-0.193
08.01.2024;Sport Utility VehiHealthy Fast Food Chainle Sales;New Gal;-0.193
08.01.2024;Sport Utility VehiHealthy Fast Food Chainle Sales;Planet Hypothesis;0.245
08.01.2024;Sport Utility VehiHealthy Fast Food Chainle Sales;Planet Hypothesis;0.245
08.01.2024;Sport Utility VehiHealthy Fast Food Chainle Sales;ER Drama;0.579
08.08.2024;Healthy Fast Food Chain;Together Forever;-0.056
08.08.2024;Healthy Fast Food Chain;Orlando Vice;0.2
08.08.2024;Healthy Fast Food Chain;Orlando Vice;0.2
08.08.2024;Healthy Fast Food Chain;Maui Five Ten;0.25
08.08.2024;Healthy Fast Food Chain;Rescue Squad;0.371
08.08.2024;Healthy Fast Food Chain;Hot Air Balloon Cruises;0.315
08.08.2024;Healthy Fast Food Chain;Tonight Tonight;0.073
08.08.2024;Healthy Fast Food Chain;Nightly News Stories;0.27
08.08.2024;Healthy Fast Food Chain;Nightly News Stories;0.27
08.08.2024;Healthy Fast Food Chain;Fix and Flip;-0.036
08.08.2024;Healthy Fast Food Chain;Portable Homes;-0.063
08.08.2024;Healthy Fast Food Chain;Sister Home Sellers;0.222
08.08.2024;Healthy Fast Food Chain;New Gal;-0.193
08.08.2024;Healthy Fast Food Chain;New Gal;-0.193
08.08.2024;Healthy Fast Food Chain;Planet Hypothesis;0.245
08.08.2024;Healthy Fast Food Chain;Planet Hypothesis;0.245
08.08.2024;Healthy Fast Food Chain;ER Drama;0.579
08.08.2024;Online Dating Site;Rescue Squad;0.371
08.08.2024;Retail Big Box Store;See and Sold;0.408
08.08.2024;Retail Big Box Store;See and Sold;0.408
08.08.2024;Retail Big Box Store;Together Forever;-0.056
08.08.2024;Retail Big Box Store;Together Forever;-0.056
08.08.2024;Retail Big Box Store;Waltzing with the Famous;0.345
08.08.2024;Retail Big Box Store;Orlando Vice;0.2
08.08.2024;Retail Big Box Store;Orlando Vice;0.2
08.08.2024;Retail Big Box Store;Maui Five Ten;0.25
08.08.2024;Retail Big Box Store;Maui Five Ten;0.25
08.08.2024;Retail Big Box Store;Rescue Squad;0.371
08.08.2024;Retail Big Box Store;Family Fraud;-0.029
08.08.2024;Retail Big Box Store;My First Home;0.598
08.08.2024;Retail Big Box Store;My First Home;0.598
08.08.2024;Retail Big Box Store;The Young and the Reckless;0.038
08.08.2024;Retail Big Box Store;The Young and the Reckless;0.038
08.08.2024;Retail Big Box Store;Tonight Tonight;0.073
08.08.2024;Retail Big Box Store;Late Hours;-0.025
08.08.2024;Retail Big Box Store;Late Hours;-0.025
08.08.2024;Retail Big Box Store;Nightly News Stories;0.27
08.08.2024;Retail Big Box Store;Fix and Flip;-0.036
08.08.2024;Retail Big Box Store;Fix and Flip;-0.036
08.08.2024;Retail Big Box Store;Portable Homes;-0.063
08.08.2024;Retail Big Box Store;Sister Home Sellers;0.222
08.08.2024;Retail Big Box Store;Sister Home Sellers;0.222
08.08.2024;Retail Big Box Store;New Gal;-0.193
08.08.2024;Retail Big Box Store;Planet Hypothesis;0.245
08.08.2024;Retail Big Box Store;Planet Hypothesis;0.245
08.08.2024;Retail Big Box Store;ER Drama;0.579
08.08.2024;Sport Utility VehiHealthy Fast Food Chainle Sales;See and Sold;0.408
08.08.2024;Sport Utility VehiHealthy Fast Food Chainle Sales;See and Sold;0.408
08.08.2024;Sport Utility VehiHealthy Fast Food Chainle Sales;Together Forever;-0.056
08.08.2024;Sport Utility VehiHealthy Fast Food Chainle Sales;Together Forever;-0.056
08.08.2024;Sport Utility VehiHealthy Fast Food Chainle Sales;Waltzing with the Famous;0.345
08.08.2024;Sport Utility VehiHealthy Fast Food Chainle Sales;Orlando Vice;0.2
08.08.2024;Sport Utility VehiHealthy Fast Food Chainle Sales;Orlando Vice;0.2
08.08.2024;Sport Utility VehiHealthy Fast Food Chainle Sales;Maui Five Ten;0.25
08.08.2024;Sport Utility VehiHealthy Fast Food Chainle Sales;Rescue Squad;0.371
08.08.2024;Sport Utility VehiHealthy Fast Food Chainle Sales;Rescue Squad;0.371
08.08.2024;Sport Utility VehiHealthy Fast Food Chainle Sales;Family Fraud;-0.029
08.08.2024;Sport Utility VehiHealthy Fast Food Chainle Sales;I Love Betty;-0.064
08.08.2024;Sport Utility VehiHealthy Fast Food Chainle Sales;I Love Betty;-0.064
08.08.2024;Sport Utility VehiHealthy Fast Food Chainle Sales;My First Home;0.598
08.08.2024;Sport Utility VehiHealthy Fast Food Chainle Sales;Food Fantasy in France;-0.035
08.08.2024;Sport Utility VehiHealthy Fast Food Chainle Sales;Weird Flavors;0.475
08.08.2024;Sport Utility VehiHealthy Fast Food Chainle Sales;Weird Flavors;0.475
08.08.2024;Sport Utility VehiHealthy Fast Food Chainle Sales;Hot Air Balloon Cruises;0.315
08.08.2024;Sport Utility VehiHealthy Fast Food Chainle Sales;Hot Air Balloon Cruises;0.315
08.08.2024;Sport Utility VehiHealthy Fast Food Chainle Sales;The Young and the Reckless;0.038
08.08.2024;Sport Utility VehiHealthy Fast Food Chainle Sales;The Young and the Reckless;0.038
08.08.2024;Sport Utility VehiHealthy Fast Food Chainle Sales;Tonight Tonight;0.073
08.08.2024;Sport Utility VehiHealthy Fast Food Chainle Sales;Late Hours;-0.025
08.08.2024;Sport Utility VehiHealthy Fast Food Chainle Sales;Nightly News Stories;0.27
08.08.2024;Sport Utility VehiHealthy Fast Food Chainle Sales;Nightly News Stories;0.27
08.08.2024;Sport Utility VehiHealthy Fast Food Chainle Sales;Fix and Flip;-0.036
08.08.2024;Sport Utility VehiHealthy Fast Food Chainle Sales;Fix and Flip;-0.036
08.08.2024;Sport Utility VehiHealthy Fast Food Chainle Sales;Portable Homes;-0.063
08.08.2024;Sport Utility VehiHealthy Fast Food Chainle Sales;Portable Homes;-0.063
08.08.2024;Sport Utility VehiHealthy Fast Food Chainle Sales;International Villas;0.318
08.08.2024;Sport Utility VehiHealthy Fast Food Chainle Sales;International Villas;0.318
08.08.2024;Sport Utility VehiHealthy Fast Food Chainle Sales;Sister Home Sellers;0.222
08.08.2024;Sport Utility VehiHealthy Fast Food Chainle Sales;Sister Home Sellers;0.222
08.08.2024;Sport Utility VehiHealthy Fast Food Chainle Sales;New Gal;-0.193
08.08.2024;Sport Utility VehiHealthy Fast Food Chainle Sales;New Gal;-0.193
08.08.2024;Sport Utility VehiHealthy Fast Food Chainle Sales;Planet Hypothesis;0.245
08.08.2024;Sport Utility VehiHealthy Fast Food Chainle Sales;Planet Hypothesis;0.245
08.08.2024;Sport Utility VehiHealthy Fast Food Chainle Sales;ER Drama;0.579
08.08.2024;Sport Utility VehiHealthy Fast Food Chainle Sales;ER Drama;0.579
8.15.2024;Healthy Fast Food Chain;Together Forever;-0.056
8.15.2024;Healthy Fast Food Chain;Waltzing with the Famous;0.345
8.15.2024;Healthy Fast Food Chain;Orlando Vice;0.2
8.15.2024;Healthy Fast Food Chain;Orlando Vice;0.2
8.15.2024;Healthy Fast Food Chain;Maui Five Ten;0.25
8.15.2024;Healthy Fast Food Chain;Rescue Squad;0.371
8.15.2024;Healthy Fast Food Chain;Hot Air Balloon Cruises;0.315
8.15.2024;Healthy Fast Food Chain;Tonight Tonight;0.073
8.15.2024;Healthy Fast Food Chain;Nightly News Stories;0.27
8.15.2024;Healthy Fast Food Chain;Fix and Flip;-0.036
8.15.2024;Healthy Fast Food Chain;International Villas;0.318
8.15.2024;Healthy Fast Food Chain;Sister Home Sellers;0.222
8.15.2024;Healthy Fast Food Chain;Sister Home Sellers;0.222
8.15.2024;Healthy Fast Food Chain;New Gal;-0.193
8.15.2024;Healthy Fast Food Chain;New Gal;-0.193
8.15.2024;Healthy Fast Food Chain;Planet Hypothesis;0.245
8.15.2024;Healthy Fast Food Chain;ER Drama;0.579
8.15.2024;Online Dating Site;Rescue Squad;0.371
8.15.2024;Popular Soft Drink;Sister Home Sellers;0.222
8.15.2024;Retail Big Box Store;Together Forever;-0.056
8.15.2024;Retail Big Box Store;Waltzing with the Famous;0.345
8.15.2024;Retail Big Box Store;Orlando Vice;0.2
8.15.2024;Retail Big Box Store;Orlando Vice;0.2
8.15.2024;Retail Big Box Store;Maui Five Ten;0.25
8.15.2024;Retail Big Box Store;Maui Five Ten;0.25
8.15.2024;Retail Big Box Store;Rescue Squad;0.371
8.15.2024;Retail Big Box Store;Family Fraud;-0.029
8.15.2024;Retail Big Box Store;My First Home;0.598
8.15.2024;Retail Big Box Store;My First Home;0.598
8.15.2024;Retail Big Box Store;The Young and the Reckless;0.038
8.15.2024;Retail Big Box Store;The Young and the Reckless;0.038
8.15.2024;Retail Big Box Store;Tonight Tonight;0.073
8.15.2024;Retail Big Box Store;Tonight Tonight;0.073
8.15.2024;Retail Big Box Store;Late Hours;-0.025
8.15.2024;Retail Big Box Store;Late Hours;-0.025
8.15.2024;Retail Big Box Store;Nightly News Stories;0.27
8.15.2024;Retail Big Box Store;Nightly News Stories;0.27
8.15.2024;Retail Big Box Store;Fix and Flip;-0.036
8.15.2024;Retail Big Box Store;Fix and Flip;-0.036
8.15.2024;Retail Big Box Store;Portable Homes;-0.063
8.15.2024;Retail Big Box Store;Sister Home Sellers;0.222
8.15.2024;Retail Big Box Store;Sister Home Sellers;0.222
8.15.2024;Retail Big Box Store;New Gal;-0.193
8.15.2024;Retail Big Box Store;Planet Hypothesis;0.245
8.15.2024;Retail Big Box Store;Planet Hypothesis;0.245
8.15.2024;Retail Big Box Store;ER Drama;0.579
8.15.2024;Sport Utility VehiHealthy Fast Food Chainle Sales;Together Forever;-0.056
8.15.2024;Sport Utility VehiHealthy Fast Food Chainle Sales;Waltzing with the Famous;0.345
8.15.2024;Sport Utility VehiHealthy Fast Food Chainle Sales;Orlando Vice;0.2
8.15.2024;Sport Utility VehiHealthy Fast Food Chainle Sales;Orlando Vice;0.2
8.15.2024;Sport Utility VehiHealthy Fast Food Chainle Sales;Maui Five Ten;0.25
8.15.2024;Sport Utility VehiHealthy Fast Food Chainle Sales;Maui Five Ten;0.25
8.15.2024;Sport Utility VehiHealthy Fast Food Chainle Sales;Rescue Squad;0.371
8.15.2024;Sport Utility VehiHealthy Fast Food Chainle Sales;Rescue Squad;0.371
8.15.2024;Sport Utility VehiHealthy Fast Food Chainle Sales;Family Fraud;-0.029
8.15.2024;Sport Utility VehiHealthy Fast Food Chainle Sales;I Love Betty;-0.064
8.15.2024;Sport Utility VehiHealthy Fast Food Chainle Sales;I Love Betty;-0.064
8.15.2024;Sport Utility VehiHealthy Fast Food Chainle Sales;My First Home;0.598
8.15.2024;Sport Utility VehiHealthy Fast Food Chainle Sales;My First Home;0.598
8.15.2024;Sport Utility VehiHealthy Fast Food Chainle Sales;Food Fantasy in France;-0.035
8.15.2024;Sport Utility VehiHealthy Fast Food Chainle Sales;Weird Flavors;0.475
8.15.2024;Sport Utility VehiHealthy Fast Food Chainle Sales;Hot Air Balloon Cruises;0.315
8.15.2024;Sport Utility VehiHealthy Fast Food Chainle Sales;Hot Air Balloon Cruises;0.315
8.15.2024;Sport Utility VehiHealthy Fast Food Chainle Sales;The Young and the Reckless;0.038
8.15.2024;Sport Utility VehiHealthy Fast Food Chainle Sales;The Young and the Reckless;0.038
8.15.2024;Sport Utility VehiHealthy Fast Food Chainle Sales;Tonight Tonight;0.073
8.15.2024;Sport Utility VehiHealthy Fast Food Chainle Sales;Late Hours;-0.025
8.15.2024;Sport Utility VehiHealthy Fast Food Chainle Sales;Nightly News Stories;0.27
8.15.2024;Sport Utility VehiHealthy Fast Food Chainle Sales;Nightly News Stories;0.27
8.15.2024;Sport Utility VehiHealthy Fast Food Chainle Sales;Fix and Flip;-0.036
8.15.2024;Sport Utility VehiHealthy Fast Food Chainle Sales;Fix and Flip;-0.036
8.15.2024;Sport Utility VehiHealthy Fast Food Chainle Sales;Portable Homes;-0.063
8.15.2024;Sport Utility VehiHealthy Fast Food Chainle Sales;Portable Homes;-0.063
8.15.2024;Sport Utility VehiHealthy Fast Food Chainle Sales;International Villas;0.318
8.15.2024;Sport Utility VehiHealthy Fast Food Chainle Sales;International Villas;0.318
8.15.2024;Sport Utility VehiHealthy Fast Food Chainle Sales;Sister Home Sellers;0.222
8.15.2024;Sport Utility VehiHealthy Fast Food Chainle Sales;Sister Home Sellers;0.222
8.15.2024;Sport Utility VehiHealthy Fast Food Chainle Sales;New Gal;-0.193
8.15.2024;Sport Utility VehiHealthy Fast Food Chainle Sales;New Gal;-0.193
8.15.2024;Sport Utility VehiHealthy Fast Food Chainle Sales;Planet Hypothesis;0.245
8.15.2024;Sport Utility VehiHealthy Fast Food Chainle Sales;Planet Hypothesis;0.245
8.15.2024;Sport Utility VehiHealthy Fast Food Chainle Sales;ER Drama;0.579
8.22.2024;Healthy Fast Food Chain;Together Forever;-0.056
8.22.2024;Healthy Fast Food Chain;Waltzing with the Famous;0.345
8.22.2024;Healthy Fast Food Chain;Orlando Vice;0.2
8.22.2024;Healthy Fast Food Chain;Orlando Vice;0.2
8.22.2024;Healthy Fast Food Chain;Food Fantasy in France;-0.035
8.22.2024;Healthy Fast Food Chain;Nightly News Stories;0.27
8.22.2024;Healthy Fast Food Chain;Fix and Flip;-0.036
8.22.2024;Healthy Fast Food Chain;Portable Homes;-0.063
8.22.2024;Healthy Fast Food Chain;Sister Home Sellers;0.222
8.22.2024;Healthy Fast Food Chain;New Gal;-0.193
8.22.2024;Healthy Fast Food Chain;New Gal;-0.193
8.22.2024;Healthy Fast Food Chain;Planet Hypothesis;0.245
8.22.2024;Healthy Fast Food Chain;ER Drama;0.579
8.22.2024;Popular Soft Drink;Sister Home Sellers;0.222
8.22.2024;Retail Big Box Store;Together Forever;-0.056
8.22.2024;Retail Big Box Store;Orlando Vice;0.2
8.22.2024;Retail Big Box Store;Orlando Vice;0.2
8.22.2024;Retail Big Box Store;Maui Five Ten;0.25
8.22.2024;Retail Big Box Store;Maui Five Ten;0.25
8.22.2024;Retail Big Box Store;Rescue Squad;0.371
8.22.2024;Retail Big Box Store;Family Fraud;-0.029
8.22.2024;Retail Big Box Store;The Young and the Reckless;0.038
8.22.2024;Retail Big Box Store;Tonight Tonight;0.073
8.22.2024;Retail Big Box Store;Tonight Tonight;0.073
8.22.2024;Retail Big Box Store;Late Hours;-0.025
8.22.2024;Retail Big Box Store;Nightly News Stories;0.27
8.22.2024;Retail Big Box Store;Fix and Flip;-0.036
8.22.2024;Retail Big Box Store;Fix and Flip;-0.036
8.22.2024;Retail Big Box Store;Portable Homes;-0.063
8.22.2024;Retail Big Box Store;International Villas;0.318
8.22.2024;Retail Big Box Store;International Villas;0.318
8.22.2024;Retail Big Box Store;Sister Home Sellers;0.222
8.22.2024;Retail Big Box Store;Sister Home Sellers;0.222
8.22.2024;Retail Big Box Store;New Gal;-0.193
8.22.2024;Retail Big Box Store;Planet Hypothesis;0.245
8.22.2024;Retail Big Box Store;Planet Hypothesis;0.245
8.22.2024;Retail Big Box Store;ER Drama;0.579
8.22.2024;Sport Utility VehiHealthy Fast Food Chainle Sales;Together Forever;-0.056
8.22.2024;Sport Utility VehiHealthy Fast Food Chainle Sales;Waltzing with the Famous;0.345
8.22.2024;Sport Utility VehiHealthy Fast Food Chainle Sales;Orlando Vice;0.2
8.22.2024;Sport Utility VehiHealthy Fast Food Chainle Sales;Maui Five Ten;0.25
8.22.2024;Sport Utility VehiHealthy Fast Food Chainle Sales;Maui Five Ten;0.25
8.22.2024;Sport Utility VehiHealthy Fast Food Chainle Sales;Rescue Squad;0.371
8.22.2024;Sport Utility VehiHealthy Fast Food Chainle Sales;Rescue Squad;0.371
8.22.2024;Sport Utility VehiHealthy Fast Food Chainle Sales;Family Fraud;-0.029
8.22.2024;Sport Utility VehiHealthy Fast Food Chainle Sales;I Love Betty;-0.064
8.22.2024;Sport Utility VehiHealthy Fast Food Chainle Sales;I Love Betty;-0.064
8.22.2024;Sport Utility VehiHealthy Fast Food Chainle Sales;Food Fantasy in France;-0.035
8.22.2024;Sport Utility VehiHealthy Fast Food Chainle Sales;Hot Air Balloon Cruises;0.315
8.22.2024;Sport Utility VehiHealthy Fast Food Chainle Sales;Hot Air Balloon Cruises;0.315
8.22.2024;Sport Utility VehiHealthy Fast Food Chainle Sales;The Young and the Reckless;0.038
8.22.2024;Sport Utility VehiHealthy Fast Food Chainle Sales;The Young and the Reckless;0.038
8.22.2024;Sport Utility VehiHealthy Fast Food Chainle Sales;Tonight Tonight;0.073
8.22.2024;Sport Utility VehiHealthy Fast Food Chainle Sales;Late Hours;-0.025
8.22.2024;Sport Utility VehiHealthy Fast Food Chainle Sales;Nightly News Stories;0.27
8.22.2024;Sport Utility VehiHealthy Fast Food Chainle Sales;Nightly News Stories;0.27
8.22.2024;Sport Utility VehiHealthy Fast Food Chainle Sales;Fix and Flip;-0.036
8.22.2024;Sport Utility VehiHealthy Fast Food Chainle Sales;Fix and Flip;-0.036
8.22.2024;Sport Utility VehiHealthy Fast Food Chainle Sales;Daybreak Dish;0.03
8.22.2024;Sport Utility VehiHealthy Fast Food Chainle Sales;Portable Homes;-0.063
8.22.2024;Sport Utility VehiHealthy Fast Food Chainle Sales;Portable Homes;-0.063
8.22.2024;Sport Utility VehiHealthy Fast Food Chainle Sales;International Villas;0.318
8.22.2024;Sport Utility VehiHealthy Fast Food Chainle Sales;International Villas;0.318
8.22.2024;Sport Utility VehiHealthy Fast Food Chainle Sales;Sister Home Sellers;0.222
8.22.2024;Sport Utility VehiHealthy Fast Food Chainle Sales;Sister Home Sellers;0.222
8.22.2024;Sport Utility VehiHealthy Fast Food Chainle Sales;New Gal;-0.193
8.22.2024;Sport Utility VehiHealthy Fast Food Chainle Sales;Planet Hypothesis;0.245
8.22.2024;Sport Utility VehiHealthy Fast Food Chainle Sales;Planet Hypothesis;0.245
8.29.2024;Healthy Fast Food Chain;Together Forever;-0.056
8.29.2024;Healthy Fast Food Chain;Waltzing with the Famous;0.345
8.29.2024;Healthy Fast Food Chain;Waltzing with the Famous;0.345
8.29.2024;Healthy Fast Food Chain;Orlando Vice;0.2
8.29.2024;Healthy Fast Food Chain;Orlando Vice;0.2
8.29.2024;Healthy Fast Food Chain;Maui Five Ten;0.25
8.29.2024;Healthy Fast Food Chain;Tonight Tonight;0.073
8.29.2024;Healthy Fast Food Chain;Nightly News Stories;0.27
8.29.2024;Healthy Fast Food Chain;Nightly News Stories;0.27
8.29.2024;Healthy Fast Food Chain;Fix and Flip;-0.036
8.29.2024;Healthy Fast Food Chain;Fix and Flip;-0.036
8.29.2024;Healthy Fast Food Chain;Portable Homes;-0.063
8.29.2024;Healthy Fast Food Chain;Sister Home Sellers;0.222
8.29.2024;Healthy Fast Food Chain;New Gal;-0.193
8.29.2024;Healthy Fast Food Chain;Planet Hypothesis;0.245
8.29.2024;Healthy Fast Food Chain;Planet Hypothesis;0.245
8.29.2024;Healthy Fast Food Chain;ER Drama;0.579
8.29.2024;Online Dating Site;Rescue Squad;0.371
8.29.2024;Retail Big Box Store;Together Forever;-0.056
8.29.2024;Retail Big Box Store;Together Forever;-0.056
8.29.2024;Retail Big Box Store;Orlando Vice;0.2
8.29.2024;Retail Big Box Store;Orlando Vice;0.2
8.29.2024;Retail Big Box Store;Maui Five Ten;0.25
8.29.2024;Retail Big Box Store;Maui Five Ten;0.25
8.29.2024;Retail Big Box Store;Rescue Squad;0.371
8.29.2024;Retail Big Box Store;Family Fraud;-0.029
8.29.2024;Retail Big Box Store;The Young and the Reckless;0.038
8.29.2024;Retail Big Box Store;The Young and the Reckless;0.038
8.29.2024;Retail Big Box Store;Tonight Tonight;0.073
8.29.2024;Retail Big Box Store;Tonight Tonight;0.073
8.29.2024;Retail Big Box Store;Late Hours;-0.025
8.29.2024;Retail Big Box Store;Late Hours;-0.025
8.29.2024;Retail Big Box Store;Nightly News Stories;0.27
8.29.2024;Retail Big Box Store;Fix and Flip;-0.036
8.29.2024;Retail Big Box Store;Fix and Flip;-0.036
8.29.2024;Retail Big Box Store;Portable Homes;-0.063
8.29.2024;Retail Big Box Store;Portable Homes;-0.063
8.29.2024;Retail Big Box Store;Sister Home Sellers;0.222
8.29.2024;Retail Big Box Store;Sister Home Sellers;0.222
8.29.2024;Retail Big Box Store;Planet Hypothesis;0.245
8.29.2024;Retail Big Box Store;Planet Hypothesis;0.245
8.29.2024;Retail Big Box Store;ER Drama;0.579
8.29.2024;Sport Utility VehiHealthy Fast Food Chainle Sales;Together Forever;-0.056
8.29.2024;Sport Utility VehiHealthy Fast Food Chainle Sales;Together Forever;-0.056
8.29.2024;Sport Utility VehiHealthy Fast Food Chainle Sales;Waltzing with the Famous;0.345
8.29.2024;Sport Utility VehiHealthy Fast Food Chainle Sales;Orlando Vice;0.2
8.29.2024;Sport Utility VehiHealthy Fast Food Chainle Sales;Orlando Vice;0.2
8.29.2024;Sport Utility VehiHealthy Fast Food Chainle Sales;Maui Five Ten;0.25
8.29.2024;Sport Utility VehiHealthy Fast Food Chainle Sales;Maui Five Ten;0.25
8.29.2024;Sport Utility VehiHealthy Fast Food Chainle Sales;Rescue Squad;0.371
8.29.2024;Sport Utility VehiHealthy Fast Food Chainle Sales;Rescue Squad;0.371
8.29.2024;Sport Utility VehiHealthy Fast Food Chainle Sales;Family Fraud;-0.029
8.29.2024;Sport Utility VehiHealthy Fast Food Chainle Sales;I Love Betty;-0.064
8.29.2024;Sport Utility VehiHealthy Fast Food Chainle Sales;I Love Betty;-0.064
8.29.2024;Sport Utility VehiHealthy Fast Food Chainle Sales;Food Fantasy in France;-0.035
8.29.2024;Sport Utility VehiHealthy Fast Food Chainle Sales;Hot Air Balloon Cruises;0.315
8.29.2024;Sport Utility VehiHealthy Fast Food Chainle Sales;Hot Air Balloon Cruises;0.315
8.29.2024;Sport Utility VehiHealthy Fast Food Chainle Sales;The Young and the Reckless;0.038
8.29.2024;Sport Utility VehiHealthy Fast Food Chainle Sales;The Young and the Reckless;0.038
8.29.2024;Sport Utility VehiHealthy Fast Food Chainle Sales;Tonight Tonight;0.073
8.29.2024;Sport Utility VehiHealthy Fast Food Chainle Sales;Late Hours;-0.025
8.29.2024;Sport Utility VehiHealthy Fast Food Chainle Sales;Nightly News Stories;0.27
8.29.2024;Sport Utility VehiHealthy Fast Food Chainle Sales;Fix and Flip;-0.036
8.29.2024;Sport Utility VehiHealthy Fast Food Chainle Sales;Fix and Flip;-0.036
8.29.2024;Sport Utility VehiHealthy Fast Food Chainle Sales;Portable Homes;-0.063
8.29.2024;Sport Utility VehiHealthy Fast Food Chainle Sales;Portable Homes;-0.063
8.29.2024;Sport Utility VehiHealthy Fast Food Chainle Sales;Sister Home Sellers;0.222
8.29.2024;Sport Utility VehiHealthy Fast Food Chainle Sales;Sister Home Sellers;0.222
8.29.2024;Sport Utility VehiHealthy Fast Food Chainle Sales;New Gal;-0.193
8.29.2024;Sport Utility VehiHealthy Fast Food Chainle Sales;Planet Hypothesis;0.245
8.29.2024;Sport Utility VehiHealthy Fast Food Chainle Sales;ER Drama;0.579
8.29.2024;Sport Utility VehiHealthy Fast Food Chainle Sales;ER Drama;0.579
09.05.2024;Healthy Fast Food Chain;Together Forever;-0.056
09.05.2024;Healthy Fast Food Chain;Together Forever;-0.056
09.05.2024;Healthy Fast Food Chain;Waltzing with the Famous;0.345
09.05.2024;Healthy Fast Food Chain;Orlando Vice;0.2
09.05.2024;Healthy Fast Food Chain;Orlando Vice;0.2
09.05.2024;Healthy Fast Food Chain;Maui Five Ten;0.25
09.05.2024;Healthy Fast Food Chain;Maui Five Ten;0.25
09.05.2024;Healthy Fast Food Chain;Rescue Squad;0.371
09.05.2024;Healthy Fast Food Chain;Family Fraud;-0.029
09.05.2024;Healthy Fast Food Chain;Family Fraud;-0.029
09.05.2024;Healthy Fast Food Chain;Travel the World;0.654
09.05.2024;Healthy Fast Food Chain;Food Fantasy in France;-0.035
09.05.2024;Healthy Fast Food Chain;Hot Air Balloon Cruises;0.315
09.05.2024;Healthy Fast Food Chain;The Young and the Reckless;0.038
09.05.2024;Healthy Fast Food Chain;The Young and the Reckless;0.038
09.05.2024;Healthy Fast Food Chain;Tonight Tonight;0.073
09.05.2024;Healthy Fast Food Chain;Late Hours;-0.025
09.05.2024;Healthy Fast Food Chain;Nightly News Stories;0.27
09.05.2024;Healthy Fast Food Chain;Nightly News Stories;0.27
09.05.2024;Healthy Fast Food Chain;Fix and Flip;-0.036
09.05.2024;Healthy Fast Food Chain;Fix and Flip;-0.036
09.05.2024;Healthy Fast Food Chain;Portable Homes;-0.063
09.05.2024;Healthy Fast Food Chain;Portable Homes;-0.063
09.05.2024;Healthy Fast Food Chain;Sister Home Sellers;0.222
09.05.2024;Healthy Fast Food Chain;New Gal;-0.193
09.05.2024;Healthy Fast Food Chain;New Gal;-0.193
09.05.2024;Healthy Fast Food Chain;Planet Hypothesis;0.245
09.05.2024;Healthy Fast Food Chain;Planet Hypothesis;0.245
09.05.2024;Healthy Fast Food Chain;ER Drama;0.579
09.05.2024;Online Dating Site;Rescue Squad;0.371
09.05.2024;Popular Soft Drink;Fix and Flip;-0.036
09.05.2024;Popular Soft Drink;Sister Home Sellers;0.222
09.05.2024;Popular Soft Drink;New Gal;-0.193
09.05.2024;Retail Big Box Store;Together Forever;-0.056
09.05.2024;Retail Big Box Store;Maui Five Ten;0.25
09.05.2024;Retail Big Box Store;The Young and the Reckless;0.038
09.05.2024;Retail Big Box Store;Late Hours;-0.025
09.05.2024;Retail Big Box Store;Fix and Flip;-0.036
09.05.2024;Retail Big Box Store;Sister Home Sellers;0.222
09.05.2024;Retail Big Box Store;Planet Hypothesis;0.245
09.05.2024;Sport Utility VehiHealthy Fast Food Chainle Sales;Together Forever;-0.056
09.05.2024;Sport Utility VehiHealthy Fast Food Chainle Sales;Waltzing with the Famous;0.345
09.05.2024;Sport Utility VehiHealthy Fast Food Chainle Sales;Orlando Vice;0.2
09.05.2024;Sport Utility VehiHealthy Fast Food Chainle Sales;Orlando Vice;0.2
09.05.2024;Sport Utility VehiHealthy Fast Food Chainle Sales;Maui Five Ten;0.25
09.05.2024;Sport Utility VehiHealthy Fast Food Chainle Sales;Rescue Squad;0.371
09.05.2024;Sport Utility VehiHealthy Fast Food Chainle Sales;Rescue Squad;0.371
09.05.2024;Sport Utility VehiHealthy Fast Food Chainle Sales;Family Fraud;-0.029
09.05.2024;Sport Utility VehiHealthy Fast Food Chainle Sales;I Love Betty;-0.064
09.05.2024;Sport Utility VehiHealthy Fast Food Chainle Sales;I Love Betty;-0.064
09.05.2024;Sport Utility VehiHealthy Fast Food Chainle Sales;Travel the World;0.654
09.05.2024;Sport Utility VehiHealthy Fast Food Chainle Sales;Travel the World;0.654
09.05.2024;Sport Utility VehiHealthy Fast Food Chainle Sales;Hot Air Balloon Cruises;0.315
09.05.2024;Sport Utility VehiHealthy Fast Food Chainle Sales;The Young and the Reckless;0.038
09.05.2024;Sport Utility VehiHealthy Fast Food Chainle Sales;Tonight Tonight;0.073
09.05.2024;Sport Utility VehiHealthy Fast Food Chainle Sales;Late Hours;-0.025
09.05.2024;Sport Utility VehiHealthy Fast Food Chainle Sales;Nightly News Stories;0.27
09.05.2024;Sport Utility VehiHealthy Fast Food Chainle Sales;Fix and Flip;-0.036
09.05.2024;Sport Utility VehiHealthy Fast Food Chainle Sales;Fix and Flip;-0.036
09.05.2024;Sport Utility VehiHealthy Fast Food Chainle Sales;Portable Homes;-0.063
09.05.2024;Sport Utility VehiHealthy Fast Food Chainle Sales;Portable Homes;-0.063
09.05.2024;Sport Utility VehiHealthy Fast Food Chainle Sales;Sister Home Sellers;0.222
09.05.2024;Sport Utility VehiHealthy Fast Food Chainle Sales;Sister Home Sellers;0.222
09.05.2024;Sport Utility VehiHealthy Fast Food Chainle Sales;New Gal;-0.193
09.05.2024;Sport Utility VehiHealthy Fast Food Chainle Sales;Planet Hypothesis;0.245
09.05.2024;Sport Utility VehiHealthy Fast Food Chainle Sales;Planet Hypothesis;0.245
09.05.2024;Sport Utility VehiHealthy Fast Food Chainle Sales;ER Drama;0.579
09.05.2024;Sport Utility VehiHealthy Fast Food Chainle Sales;ER Drama;0.579
09.12.2024;Healthy Fast Food Chain;Together Forever;-0.056
09.12.2024;Healthy Fast Food Chain;Together Forever;-0.056
09.12.2024;Healthy Fast Food Chain;Waltzing with the Famous;0.345
09.12.2024;Healthy Fast Food Chain;Orlando Vice;0.2
09.12.2024;Healthy Fast Food Chain;Orlando Vice;0.2
09.12.2024;Healthy Fast Food Chain;Maui Five Ten;0.25
09.12.2024;Healthy Fast Food Chain;Maui Five Ten;0.25
09.12.2024;Healthy Fast Food Chain;Neighborhood Patrol;0.253
09.12.2024;Healthy Fast Food Chain;Neighborhood Patrol;0.253
09.12.2024;Healthy Fast Food Chain;Family Fraud;-0.029
09.12.2024;Healthy Fast Food Chain;Family Fraud;-0.029
09.12.2024;Healthy Fast Food Chain;Freaky Vacations;0.088
09.12.2024;Healthy Fast Food Chain;Freaky Vacations;0.088
09.12.2024;Healthy Fast Food Chain;The Young and the Reckless;0.038
09.12.2024;Healthy Fast Food Chain;The Young and the Reckless;0.038
09.12.2024;Healthy Fast Food Chain;Late Hours;-0.025
09.12.2024;Healthy Fast Food Chain;Nightly News Stories;0.27
09.12.2024;Healthy Fast Food Chain;Nightly News Stories;0.27
09.12.2024;Healthy Fast Food Chain;Fix and Flip;-0.036
09.12.2024;Healthy Fast Food Chain;Fix and Flip;-0.036
09.12.2024;Healthy Fast Food Chain;Portable Homes;-0.063
09.12.2024;Healthy Fast Food Chain;Portable Homes;-0.063
09.12.2024;Healthy Fast Food Chain;Sister Home Sellers;0.222
09.12.2024;Healthy Fast Food Chain;New Gal;-0.193
09.12.2024;Healthy Fast Food Chain;New Gal;-0.193
09.12.2024;Healthy Fast Food Chain;Planet Hypothesis;0.245
09.12.2024;Healthy Fast Food Chain;Planet Hypothesis;0.245
09.12.2024;Healthy Fast Food Chain;ER Drama;0.579
09.12.2024;Online Dating Site;Rescue Squad;0.371
09.12.2024;Popular Soft Drink;Sister Home Sellers;0.222
09.12.2024;Retail Big Box Store;Together Forever;-0.056
09.12.2024;Retail Big Box Store;Orlando Vice;0.2
09.12.2024;Retail Big Box Store;Orlando Vice;0.2
09.12.2024;Retail Big Box Store;Maui Five Ten;0.25
09.12.2024;Retail Big Box Store;Maui Five Ten;0.25
09.12.2024;Retail Big Box Store;Rescue Squad;0.371
09.12.2024;Retail Big Box Store;Family Fraud;-0.029
09.12.2024;Retail Big Box Store;Freaky Vacations;0.088
09.12.2024;Retail Big Box Store;The Young and the Reckless;0.038
09.12.2024;Retail Big Box Store;The Young and the Reckless;0.038
09.12.2024;Retail Big Box Store;The Evening Show;0.494
09.12.2024;Retail Big Box Store;Tonight Tonight;0.073
09.12.2024;Retail Big Box Store;Late Hours;-0.025
09.12.2024;Retail Big Box Store;Nightly News Stories;0.27
09.12.2024;Retail Big Box Store;Fix and Flip;-0.036
09.12.2024;Retail Big Box Store;Fix and Flip;-0.036
09.12.2024;Retail Big Box Store;Portable Homes;-0.063
09.12.2024;Retail Big Box Store;Portable Homes;-0.063
09.12.2024;Retail Big Box Store;Sister Home Sellers;0.222
09.12.2024;Retail Big Box Store;Sister Home Sellers;0.222
09.12.2024;Retail Big Box Store;New Gal;-0.193
09.12.2024;Retail Big Box Store;Planet Hypothesis;0.245
09.12.2024;Retail Big Box Store;Planet Hypothesis;0.245
09.12.2024;Retail Big Box Store;ER Drama;0.579
09.12.2024;Sport Utility VehiHealthy Fast Food Chainle Sales;Together Forever;-0.056
09.12.2024;Sport Utility VehiHealthy Fast Food Chainle Sales;Together Forever;-0.056
09.12.2024;Sport Utility VehiHealthy Fast Food Chainle Sales;Waltzing with the Famous;0.345
09.12.2024;Sport Utility VehiHealthy Fast Food Chainle Sales;Orlando Vice;0.2
09.12.2024;Sport Utility VehiHealthy Fast Food Chainle Sales;Orlando Vice;0.2
09.12.2024;Sport Utility VehiHealthy Fast Food Chainle Sales;Maui Five Ten;0.25
09.12.2024;Sport Utility VehiHealthy Fast Food Chainle Sales;Rescue Squad;0.371
09.12.2024;Sport Utility VehiHealthy Fast Food Chainle Sales;Rescue Squad;0.371
09.12.2024;Sport Utility VehiHealthy Fast Food Chainle Sales;Neighborhood Patrol;0.253
09.12.2024;Sport Utility VehiHealthy Fast Food Chainle Sales;Family Fraud;-0.029
09.12.2024;Sport Utility VehiHealthy Fast Food Chainle Sales;I Love Betty;-0.064
09.12.2024;Sport Utility VehiHealthy Fast Food Chainle Sales;I Love Betty;-0.064
09.12.2024;Sport Utility VehiHealthy Fast Food Chainle Sales;Hot Air Balloon Cruises;0.315
09.12.2024;Sport Utility VehiHealthy Fast Food Chainle Sales;Hot Air Balloon Cruises;0.315
09.12.2024;Sport Utility VehiHealthy Fast Food Chainle Sales;Freaky Vacations;0.088
09.12.2024;Sport Utility VehiHealthy Fast Food Chainle Sales;The Young and the Reckless;0.038
09.12.2024;Sport Utility VehiHealthy Fast Food Chainle Sales;The Young and the Reckless;0.038
09.12.2024;Sport Utility VehiHealthy Fast Food Chainle Sales;The Evening Show;0.494
09.12.2024;Sport Utility VehiHealthy Fast Food Chainle Sales;Tonight Tonight;0.073
09.12.2024;Sport Utility VehiHealthy Fast Food Chainle Sales;Late Hours;-0.025
09.12.2024;Sport Utility VehiHealthy Fast Food Chainle Sales;Nightly News Stories;0.27
09.12.2024;Sport Utility VehiHealthy Fast Food Chainle Sales;Fix and Flip;-0.036
09.12.2024;Sport Utility VehiHealthy Fast Food Chainle Sales;Fix and Flip;-0.036
09.12.2024;Sport Utility VehiHealthy Fast Food Chainle Sales;Portable Homes;-0.063
09.12.2024;Sport Utility VehiHealthy Fast Food Chainle Sales;Portable Homes;-0.063
09.12.2024;Sport Utility VehiHealthy Fast Food Chainle Sales;Sister Home Sellers;0.222
09.12.2024;Sport Utility VehiHealthy Fast Food Chainle Sales;Sister Home Sellers;0.222
09.12.2024;Sport Utility VehiHealthy Fast Food Chainle Sales;New Gal;-0.193
09.12.2024;Sport Utility VehiHealthy Fast Food Chainle Sales;New Gal;-0.193
09.12.2024;Sport Utility VehiHealthy Fast Food Chainle Sales;Planet Hypothesis;0.245
09.12.2024;Sport Utility VehiHealthy Fast Food Chainle Sales;Planet Hypothesis;0.245
9.19.2024;Healthy Fast Food Chain;Together Forever;-0.056
9.19.2024;Healthy Fast Food Chain;Together Forever;-0.056
9.19.2024;Healthy Fast Food Chain;Waltzing with the Famous;0.345
9.19.2024;Healthy Fast Food Chain;Orlando Vice;0.2
9.19.2024;Healthy Fast Food Chain;Orlando Vice;0.2
9.19.2024;Healthy Fast Food Chain;Maui Five Ten;0.25
9.19.2024;Healthy Fast Food Chain;Maui Five Ten;0.25
9.19.2024;Healthy Fast Food Chain;Family Fraud;-0.029
9.19.2024;Healthy Fast Food Chain;Hot Air Balloon Cruises;0.315
9.19.2024;Healthy Fast Food Chain;Freaky Vacations;0.088
9.19.2024;Healthy Fast Food Chain;Freaky Vacations;0.088
9.19.2024;Healthy Fast Food Chain;The Young and the Reckless;0.038
9.19.2024;Healthy Fast Food Chain;Tonight Tonight;0.073
9.19.2024;Healthy Fast Food Chain;Late Hours;-0.025
9.19.2024;Healthy Fast Food Chain;Nightly News Stories;0.27
9.19.2024;Healthy Fast Food Chain;Nightly News Stories;0.27
9.19.2024;Healthy Fast Food Chain;Fix and Flip;-0.036
9.19.2024;Healthy Fast Food Chain;Fix and Flip;-0.036
9.19.2024;Healthy Fast Food Chain;Portable Homes;-0.063
9.19.2024;Healthy Fast Food Chain;Portable Homes;-0.063
9.19.2024;Healthy Fast Food Chain;Sister Home Sellers;0.222
9.19.2024;Healthy Fast Food Chain;New Gal;-0.193
9.19.2024;Healthy Fast Food Chain;New Gal;-0.193
9.19.2024;Healthy Fast Food Chain;Planet Hypothesis;0.245
9.19.2024;Healthy Fast Food Chain;Planet Hypothesis;0.245
9.19.2024;Healthy Fast Food Chain;ER Drama;0.579
9.19.2024;Home Cleaning Product;Together Forever;-0.056
9.19.2024;Home Cleaning Product;Orlando Vice;0.2
9.19.2024;Home Cleaning Product;Neighborhood Patrol;0.253
9.19.2024;Home Cleaning Product;Hot Air Balloon Cruises;0.315
9.19.2024;Home Cleaning Product;Late Hours;-0.025
9.19.2024;Home Cleaning Product;Fix and Flip;-0.036
9.19.2024;Home Cleaning Product;Planet Hypothesis;0.245
9.19.2024;Retail Big Box Store;Together Forever;-0.056
9.19.2024;Retail Big Box Store;Orlando Vice;0.2
9.19.2024;Retail Big Box Store;Orlando Vice;0.2
9.19.2024;Retail Big Box Store;Maui Five Ten;0.25
9.19.2024;Retail Big Box Store;Maui Five Ten;0.25
9.19.2024;Retail Big Box Store;Rescue Squad;0.371
9.19.2024;Retail Big Box Store;Family Fraud;-0.029
9.19.2024;Retail Big Box Store;Freaky Vacations;0.088
9.19.2024;Retail Big Box Store;The Young and the Reckless;0.038
9.19.2024;Retail Big Box Store;The Young and the Reckless;0.038
9.19.2024;Retail Big Box Store;The Evening Show;0.494
9.19.2024;Retail Big Box Store;Tonight Tonight;0.073
9.19.2024;Retail Big Box Store;Tonight Tonight;0.073
9.19.2024;Retail Big Box Store;Late Hours;-0.025
9.19.2024;Retail Big Box Store;Late Hours;-0.025
9.19.2024;Retail Big Box Store;Fix and Flip;-0.036
9.19.2024;Retail Big Box Store;Fix and Flip;-0.036
9.19.2024;Retail Big Box Store;Portable Homes;-0.063
9.19.2024;Retail Big Box Store;Portable Homes;-0.063
9.19.2024;Retail Big Box Store;Sister Home Sellers;0.222
9.19.2024;Retail Big Box Store;Sister Home Sellers;0.222
9.19.2024;Retail Big Box Store;New Gal;-0.193
9.19.2024;Retail Big Box Store;Planet Hypothesis;0.245
9.19.2024;Retail Big Box Store;Planet Hypothesis;0.245
9.19.2024;Retail Big Box Store;ER Drama;0.579
9.19.2024;Sport Utility VehiHealthy Fast Food Chainle Sales;Together Forever;-0.056
9.19.2024;Sport Utility VehiHealthy Fast Food Chainle Sales;Together Forever;-0.056
9.19.2024;Sport Utility VehiHealthy Fast Food Chainle Sales;Waltzing with the Famous;0.345
9.19.2024;Sport Utility VehiHealthy Fast Food Chainle Sales;Orlando Vice;0.2
9.19.2024;Sport Utility VehiHealthy Fast Food Chainle Sales;Orlando Vice;0.2
9.19.2024;Sport Utility VehiHealthy Fast Food Chainle Sales;Maui Five Ten;0.25
9.19.2024;Sport Utility VehiHealthy Fast Food Chainle Sales;Maui Five Ten;0.25
9.19.2024;Sport Utility VehiHealthy Fast Food Chainle Sales;Rescue Squad;0.371
9.19.2024;Sport Utility VehiHealthy Fast Food Chainle Sales;Rescue Squad;0.371
9.19.2024;Sport Utility VehiHealthy Fast Food Chainle Sales;Neighborhood Patrol;0.253
9.19.2024;Sport Utility VehiHealthy Fast Food Chainle Sales;Family Fraud;-0.029
9.19.2024;Sport Utility VehiHealthy Fast Food Chainle Sales;I Love Betty;-0.064
9.19.2024;Sport Utility VehiHealthy Fast Food Chainle Sales;I Love Betty;-0.064
9.19.2024;Sport Utility VehiHealthy Fast Food Chainle Sales;Travel the World;0.654
9.19.2024;Sport Utility VehiHealthy Fast Food Chainle Sales;Hot Air Balloon Cruises;0.315
9.19.2024;Sport Utility VehiHealthy Fast Food Chainle Sales;Freaky Vacations;0.088
9.19.2024;Sport Utility VehiHealthy Fast Food Chainle Sales;Freaky Vacations;0.088
9.19.2024;Sport Utility VehiHealthy Fast Food Chainle Sales;The Young and the Reckless;0.038
9.19.2024;Sport Utility VehiHealthy Fast Food Chainle Sales;The Young and the Reckless;0.038
9.19.2024;Sport Utility VehiHealthy Fast Food Chainle Sales;The Evening Show;0.494
9.19.2024;Sport Utility VehiHealthy Fast Food Chainle Sales;Tonight Tonight;0.073
9.19.2024;Sport Utility VehiHealthy Fast Food Chainle Sales;Late Hours;-0.025
9.19.2024;Sport Utility VehiHealthy Fast Food Chainle Sales;Nightly News Stories;0.27
9.19.2024;Sport Utility VehiHealthy Fast Food Chainle Sales;Fix and Flip;-0.036
9.19.2024;Sport Utility VehiHealthy Fast Food Chainle Sales;Fix and Flip;-0.036
9.19.2024;Sport Utility VehiHealthy Fast Food Chainle Sales;Portable Homes;-0.063
9.19.2024;Sport Utility VehiHealthy Fast Food Chainle Sales;Portable Homes;-0.063
9.19.2024;Sport Utility VehiHealthy Fast Food Chainle Sales;Sister Home Sellers;0.222
9.19.2024;Sport Utility VehiHealthy Fast Food Chainle Sales;Sister Home Sellers;0.222
9.19.2024;Sport Utility VehiHealthy Fast Food Chainle Sales;New Gal;-0.193
9.19.2024;Sport Utility VehiHealthy Fast Food Chainle Sales;New Gal;-0.193
9.19.2024;Sport Utility VehiHealthy Fast Food Chainle Sales;Planet Hypothesis;0.245
9.19.2024;Sport Utility VehiHealthy Fast Food Chainle Sales;Planet Hypothesis;0.245
9.19.2024;Sport Utility VehiHealthy Fast Food Chainle Sales;ER Drama;0.579
9.19.2024;Sport Utility VehiHealthy Fast Food Chainle Sales;ER Drama;0.579
9.26.2024;Healthy Fast Food Chain;Together Forever;-0.056
9.26.2024;Healthy Fast Food Chain;Together Forever;-0.056
9.26.2024;Healthy Fast Food Chain;Waltzing with the Famous;0.345
9.26.2024;Healthy Fast Food Chain;Orlando Vice;0.2
9.26.2024;Healthy Fast Food Chain;Orlando Vice;0.2
9.26.2024;Healthy Fast Food Chain;Maui Five Ten;0.25
9.26.2024;Healthy Fast Food Chain;Neighborhood Patrol;0.253
9.26.2024;Healthy Fast Food Chain;Family Fraud;-0.029
9.26.2024;Healthy Fast Food Chain;Family Fraud;-0.029
9.26.2024;Healthy Fast Food Chain;My First Home;0.598
9.26.2024;Healthy Fast Food Chain;The Young and the Reckless;0.038
9.26.2024;Healthy Fast Food Chain;Late Hours;-0.025
9.26.2024;Healthy Fast Food Chain;Nightly News Stories;0.27
9.26.2024;Healthy Fast Food Chain;Fix and Flip;-0.036
9.26.2024;Healthy Fast Food Chain;Fix and Flip;-0.036
9.26.2024;Healthy Fast Food Chain;Portable Homes;-0.063
9.26.2024;Healthy Fast Food Chain;Portable Homes;-0.063
9.26.2024;Healthy Fast Food Chain;Sister Home Sellers;0.222
9.26.2024;Healthy Fast Food Chain;New Gal;-0.193
9.26.2024;Healthy Fast Food Chain;Planet Hypothesis;0.245
9.26.2024;Healthy Fast Food Chain;Planet Hypothesis;0.245
9.26.2024;Healthy Fast Food Chain;ER Drama;0.579
9.26.2024;Healthy Fast Food Chain;ER Drama;0.579
9.26.2024;Retail Big Box Store;Orlando Vice;0.2
9.26.2024;Retail Big Box Store;Orlando Vice;0.2
9.26.2024;Retail Big Box Store;Maui Five Ten;0.25
9.26.2024;Retail Big Box Store;Maui Five Ten;0.25
9.26.2024;Retail Big Box Store;Family Fraud;-0.029
9.26.2024;Retail Big Box Store;Travel the World;0.654
9.26.2024;Retail Big Box Store;Freaky Vacations;0.088
9.26.2024;Retail Big Box Store;The Young and the Reckless;0.038
9.26.2024;Retail Big Box Store;Tonight Tonight;0.073
9.26.2024;Retail Big Box Store;Late Hours;-0.025
9.26.2024;Retail Big Box Store;Fix and Flip;-0.036
9.26.2024;Retail Big Box Store;Fix and Flip;-0.036
9.26.2024;Retail Big Box Store;Portable Homes;-0.063
9.26.2024;Retail Big Box Store;Sister Home Sellers;0.222
9.26.2024;Retail Big Box Store;Sister Home Sellers;0.222
9.26.2024;Retail Big Box Store;Planet Hypothesis;0.245
9.26.2024;Retail Big Box Store;Planet Hypothesis;0.245
9.26.2024;Sport Utility VehiHealthy Fast Food Chainle Sales;Together Forever;-0.056
9.26.2024;Sport Utility VehiHealthy Fast Food Chainle Sales;Together Forever;-0.056
9.26.2024;Sport Utility VehiHealthy Fast Food Chainle Sales;Waltzing with the Famous;0.345
9.26.2024;Sport Utility VehiHealthy Fast Food Chainle Sales;Orlando Vice;0.2
9.26.2024;Sport Utility VehiHealthy Fast Food Chainle Sales;Orlando Vice;0.2
9.26.2024;Sport Utility VehiHealthy Fast Food Chainle Sales;Maui Five Ten;0.25
9.26.2024;Sport Utility VehiHealthy Fast Food Chainle Sales;Maui Five Ten;0.25
9.26.2024;Sport Utility VehiHealthy Fast Food Chainle Sales;Rescue Squad;0.371
9.26.2024;Sport Utility VehiHealthy Fast Food Chainle Sales;Rescue Squad;0.371
9.26.2024;Sport Utility VehiHealthy Fast Food Chainle Sales;Neighborhood Patrol;0.253
9.26.2024;Sport Utility VehiHealthy Fast Food Chainle Sales;I Love Betty;-0.064
9.26.2024;Sport Utility VehiHealthy Fast Food Chainle Sales;I Love Betty;-0.064
9.26.2024;Sport Utility VehiHealthy Fast Food Chainle Sales;Travel the World;0.654
9.26.2024;Sport Utility VehiHealthy Fast Food Chainle Sales;Freaky Vacations;0.088
9.26.2024;Sport Utility VehiHealthy Fast Food Chainle Sales;The Young and the Reckless;0.038
9.26.2024;Sport Utility VehiHealthy Fast Food Chainle Sales;Tonight Tonight;0.073
9.26.2024;Sport Utility VehiHealthy Fast Food Chainle Sales;Late Hours;-0.025
9.26.2024;Sport Utility VehiHealthy Fast Food Chainle Sales;Nightly News Stories;0.27
9.26.2024;Sport Utility VehiHealthy Fast Food Chainle Sales;Fix and Flip;-0.036
9.26.2024;Sport Utility VehiHealthy Fast Food Chainle Sales;Fix and Flip;-0.036
9.26.2024;Sport Utility VehiHealthy Fast Food Chainle Sales;Portable Homes;-0.063
9.26.2024;Sport Utility VehiHealthy Fast Food Chainle Sales;Portable Homes;-0.063
9.26.2024;Sport Utility VehiHealthy Fast Food Chainle Sales;Sister Home Sellers;0.222
9.26.2024;Sport Utility VehiHealthy Fast Food Chainle Sales;New Gal;-0.193
9.26.2024;Sport Utility VehiHealthy Fast Food Chainle Sales;Planet Hypothesis;0.245
9.26.2024;Sport Utility VehiHealthy Fast Food Chainle Sales;Planet Hypothesis;0.245
10.03.2024;Healthy Fast Food Chain;Together Forever;-0.056
10.03.2024;Healthy Fast Food Chain;Waltzing with the Famous;0.345
10.03.2024;Healthy Fast Food Chain;Waltzing with the Famous;0.345
10.03.2024;Healthy Fast Food Chain;Orlando Vice;0.2
10.03.2024;Healthy Fast Food Chain;Maui Five Ten;0.25
10.03.2024;Healthy Fast Food Chain;Neighborhood Patrol;0.253
10.03.2024;Healthy Fast Food Chain;Neighborhood Patrol;0.253
10.03.2024;Healthy Fast Food Chain;Family Fraud;-0.029
10.03.2024;Healthy Fast Food Chain;Family Fraud;-0.029
10.03.2024;Healthy Fast Food Chain;I Love Betty;-0.064
10.03.2024;Healthy Fast Food Chain;My First Home;0.598
10.03.2024;Healthy Fast Food Chain;Freaky Vacations;0.088
10.03.2024;Healthy Fast Food Chain;The Evening Show;0.494
10.03.2024;Healthy Fast Food Chain;The Evening Show;0.494
10.03.2024;Healthy Fast Food Chain;Tonight Tonight;0.073
10.03.2024;Healthy Fast Food Chain;Late Hours;-0.025
10.03.2024;Healthy Fast Food Chain;Nightly News Stories;0.27
10.03.2024;Healthy Fast Food Chain;Nightly News Stories;0.27
10.03.2024;Healthy Fast Food Chain;Fix and Flip;-0.036
10.03.2024;Healthy Fast Food Chain;Fix and Flip;-0.036
10.03.2024;Healthy Fast Food Chain;Portable Homes;-0.063
10.03.2024;Healthy Fast Food Chain;Portable Homes;-0.063
10.03.2024;Healthy Fast Food Chain;Sister Home Sellers;0.222
10.03.2024;Healthy Fast Food Chain;New Gal;-0.193
10.03.2024;Healthy Fast Food Chain;Planet Hypothesis;0.245
10.03.2024;Healthy Fast Food Chain;Planet Hypothesis;0.245
10.03.2024;Healthy Fast Food Chain;ER Drama;0.579
10.03.2024;Online Dating Site;Late Hours;-0.025
10.03.2024;Online Dating Site;Planet Hypothesis;0.245
10.03.2024;Popular Soft Drink;Maui Five Ten;0.25
10.03.2024;Popular Soft Drink;Fix and Flip;-0.036
10.03.2024;Popular Soft Drink;Sister Home Sellers;0.222
10.03.2024;Retail Big Box Store;Together Forever;-0.056
10.03.2024;Retail Big Box Store;Waltzing with the Famous;0.345
10.03.2024;Retail Big Box Store;Orlando Vice;0.2
10.03.2024;Retail Big Box Store;Orlando Vice;0.2
10.03.2024;Retail Big Box Store;Maui Five Ten;0.25
10.03.2024;Retail Big Box Store;Neighborhood Patrol;0.253
10.03.2024;Retail Big Box Store;Family Fraud;-0.029
10.03.2024;Retail Big Box Store;Travel the World;0.654
10.03.2024;Retail Big Box Store;My First Home;0.598
10.03.2024;Retail Big Box Store;Freaky Vacations;0.088
10.03.2024;Retail Big Box Store;The Young and the Reckless;0.038
10.03.2024;Retail Big Box Store;The Young and the Reckless;0.038
10.03.2024;Retail Big Box Store;Late Hours;-0.025
10.03.2024;Retail Big Box Store;Fix and Flip;-0.036
10.03.2024;Retail Big Box Store;Fix and Flip;-0.036
10.03.2024;Retail Big Box Store;Portable Homes;-0.063
10.03.2024;Retail Big Box Store;Sister Home Sellers;0.222
10.03.2024;Retail Big Box Store;Planet Hypothesis;0.245
10.03.2024;Retail Big Box Store;Planet Hypothesis;0.245
10.03.2024;Retail Big Box Store;ER Drama;0.579
10.03.2024;Sport Utility VehiHealthy Fast Food Chainle Sales;Together Forever;-0.056
10.03.2024;Sport Utility VehiHealthy Fast Food Chainle Sales;Together Forever;-0.056
10.03.2024;Sport Utility VehiHealthy Fast Food Chainle Sales;Waltzing with the Famous;0.345
10.03.2024;Sport Utility VehiHealthy Fast Food Chainle Sales;Waltzing with the Famous;0.345
10.03.2024;Sport Utility VehiHealthy Fast Food Chainle Sales;Orlando Vice;0.2
10.03.2024;Sport Utility VehiHealthy Fast Food Chainle Sales;Maui Five Ten;0.25
10.03.2024;Sport Utility VehiHealthy Fast Food Chainle Sales;Maui Five Ten;0.25
10.03.2024;Sport Utility VehiHealthy Fast Food Chainle Sales;Rescue Squad;0.371
10.03.2024;Sport Utility VehiHealthy Fast Food Chainle Sales;Rescue Squad;0.371
10.03.2024;Sport Utility VehiHealthy Fast Food Chainle Sales;Neighborhood Patrol;0.253
10.03.2024;Sport Utility VehiHealthy Fast Food Chainle Sales;I Love Betty;-0.064
10.03.2024;Sport Utility VehiHealthy Fast Food Chainle Sales;I Love Betty;-0.064
10.03.2024;Sport Utility VehiHealthy Fast Food Chainle Sales;Travel the World;0.654
10.03.2024;Sport Utility VehiHealthy Fast Food Chainle Sales;My First Home;0.598
10.03.2024;Sport Utility VehiHealthy Fast Food Chainle Sales;My First Home;0.598
10.03.2024;Sport Utility VehiHealthy Fast Food Chainle Sales;Freaky Vacations;0.088
10.03.2024;Sport Utility VehiHealthy Fast Food Chainle Sales;Late Hours;-0.025
10.03.2024;Sport Utility VehiHealthy Fast Food Chainle Sales;Nightly News Stories;0.27
10.03.2024;Sport Utility VehiHealthy Fast Food Chainle Sales;Fix and Flip;-0.036
10.03.2024;Sport Utility VehiHealthy Fast Food Chainle Sales;Fix and Flip;-0.036
10.03.2024;Sport Utility VehiHealthy Fast Food Chainle Sales;Portable Homes;-0.063
10.03.2024;Sport Utility VehiHealthy Fast Food Chainle Sales;Sister Home Sellers;0.222
10.03.2024;Sport Utility VehiHealthy Fast Food Chainle Sales;New Gal;-0.193
10.03.2024;Sport Utility VehiHealthy Fast Food Chainle Sales;Planet Hypothesis;0.245
10.03.2024;Sport Utility VehiHealthy Fast Food Chainle Sales;Planet Hypothesis;0.245
10.03.2024;Sport Utility VehiHealthy Fast Food Chainle Sales;ER Drama;0.579
10.03.2024;Sport Utility VehiHealthy Fast Food Chainle Sales;ER Drama;0.579
10.10.2024;Healthy Fast Food Chain;Together Forever;-0.056
10.10.2024;Healthy Fast Food Chain;Waltzing with the Famous;0.345
10.10.2024;Healthy Fast Food Chain;Orlando Vice;0.2
10.10.2024;Healthy Fast Food Chain;Orlando Vice;0.2
10.10.2024;Healthy Fast Food Chain;Maui Five Ten;0.25
10.10.2024;Healthy Fast Food Chain;Neighborhood Patrol;0.253
10.10.2024;Healthy Fast Food Chain;Family Fraud;-0.029
10.10.2024;Healthy Fast Food Chain;Family Fraud;-0.029
10.10.2024;Healthy Fast Food Chain;I Love Betty;-0.064
10.10.2024;Healthy Fast Food Chain;Travel the World;0.654
10.10.2024;Healthy Fast Food Chain;My First Home;0.598
10.10.2024;Healthy Fast Food Chain;Freaky Vacations;0.088
10.10.2024;Healthy Fast Food Chain;The Young and the Reckless;0.038
10.10.2024;Healthy Fast Food Chain;The Evening Show;0.494
10.10.2024;Healthy Fast Food Chain;The Evening Show;0.494
10.10.2024;Healthy Fast Food Chain;Tonight Tonight;0.073
10.10.2024;Healthy Fast Food Chain;Nightly News Stories;0.27
10.10.2024;Healthy Fast Food Chain;Nightly News Stories;0.27
10.10.2024;Healthy Fast Food Chain;Fix and Flip;-0.036
10.10.2024;Healthy Fast Food Chain;Fix and Flip;-0.036
10.10.2024;Healthy Fast Food Chain;Portable Homes;-0.063
10.10.2024;Healthy Fast Food Chain;Portable Homes;-0.063
10.10.2024;Healthy Fast Food Chain;Sister Home Sellers;0.222
10.10.2024;Healthy Fast Food Chain;New Gal;-0.193
10.10.2024;Healthy Fast Food Chain;Planet Hypothesis;0.245
10.10.2024;Healthy Fast Food Chain;ER Drama;0.579
10.10.2024;Healthy Fast Food Chain;ER Drama;0.579
10.10.2024;Home Cleaning Product;Orlando Vice;0.2
10.10.2024;Home Cleaning Product;Maui Five Ten;0.25
10.10.2024;Home Cleaning Product;I Love Betty;-0.064
10.10.2024;Home Cleaning Product;Late Hours;-0.025
10.10.2024;Home Cleaning Product;Nightly News Stories;0.27
10.10.2024;Home Cleaning Product;Fix and Flip;-0.036
10.10.2024;Online Dating Site;Late Hours;-0.025
10.10.2024;Online Dating Site;Planet Hypothesis;0.245
10.10.2024;Popular Soft Drink;Fix and Flip;-0.036
10.10.2024;Popular Soft Drink;Sister Home Sellers;0.222
10.10.2024;Retail Big Box Store;Orlando Vice;0.2
10.10.2024;Retail Big Box Store;Orlando Vice;0.2
10.10.2024;Retail Big Box Store;Maui Five Ten;0.25
10.10.2024;Retail Big Box Store;Maui Five Ten;0.25
10.10.2024;Retail Big Box Store;Rescue Squad;0.371
10.10.2024;Retail Big Box Store;Family Fraud;-0.029
10.10.2024;Retail Big Box Store;Travel the World;0.654
10.10.2024;Retail Big Box Store;My First Home;0.598
10.10.2024;Retail Big Box Store;The Young and the Reckless;0.038
10.10.2024;Retail Big Box Store;The Young and the Reckless;0.038
10.10.2024;Retail Big Box Store;The Evening Show;0.494
10.10.2024;Retail Big Box Store;Tonight Tonight;0.073
10.10.2024;Retail Big Box Store;Late Hours;-0.025
10.10.2024;Retail Big Box Store;Nightly News Stories;0.27
10.10.2024;Retail Big Box Store;Fix and Flip;-0.036
10.10.2024;Retail Big Box Store;Fix and Flip;-0.036
10.10.2024;Retail Big Box Store;Portable Homes;-0.063
10.10.2024;Retail Big Box Store;Sister Home Sellers;0.222
10.10.2024;Retail Big Box Store;New Gal;-0.193
10.10.2024;Retail Big Box Store;Planet Hypothesis;0.245
10.10.2024;Retail Big Box Store;Planet Hypothesis;0.245
10.10.2024;Retail Big Box Store;ER Drama;0.579
10.10.2024;Sport Utility VehiHealthy Fast Food Chainle Sales;Together Forever;-0.056
10.10.2024;Sport Utility VehiHealthy Fast Food Chainle Sales;Together Forever;-0.056
10.10.2024;Sport Utility VehiHealthy Fast Food Chainle Sales;Waltzing with the Famous;0.345
10.10.2024;Sport Utility VehiHealthy Fast Food Chainle Sales;Waltzing with the Famous;0.345
10.10.2024;Sport Utility VehiHealthy Fast Food Chainle Sales;Orlando Vice;0.2
10.10.2024;Sport Utility VehiHealthy Fast Food Chainle Sales;Maui Five Ten;0.25
10.10.2024;Sport Utility VehiHealthy Fast Food Chainle Sales;Rescue Squad;0.371
10.10.2024;Sport Utility VehiHealthy Fast Food Chainle Sales;Rescue Squad;0.371
10.10.2024;Sport Utility VehiHealthy Fast Food Chainle Sales;Neighborhood Patrol;0.253
10.10.2024;Sport Utility VehiHealthy Fast Food Chainle Sales;Family Fraud;-0.029
10.10.2024;Sport Utility VehiHealthy Fast Food Chainle Sales;I Love Betty;-0.064
10.10.2024;Sport Utility VehiHealthy Fast Food Chainle Sales;I Love Betty;-0.064
10.10.2024;Sport Utility VehiHealthy Fast Food Chainle Sales;Travel the World;0.654
10.10.2024;Sport Utility VehiHealthy Fast Food Chainle Sales;My First Home;0.598
10.10.2024;Sport Utility VehiHealthy Fast Food Chainle Sales;My First Home;0.598
10.10.2024;Sport Utility VehiHealthy Fast Food Chainle Sales;Freaky Vacations;0.088
10.10.2024;Sport Utility VehiHealthy Fast Food Chainle Sales;The Young and the Reckless;0.038
10.10.2024;Sport Utility VehiHealthy Fast Food Chainle Sales;Tonight Tonight;0.073
10.10.2024;Sport Utility VehiHealthy Fast Food Chainle Sales;Late Hours;-0.025
10.10.2024;Sport Utility VehiHealthy Fast Food Chainle Sales;Nightly News Stories;0.27
10.10.2024;Sport Utility VehiHealthy Fast Food Chainle Sales;Fix and Flip;-0.036
10.10.2024;Sport Utility VehiHealthy Fast Food Chainle Sales;Fix and Flip;-0.036
10.10.2024;Sport Utility VehiHealthy Fast Food Chainle Sales;Portable Homes;-0.063
10.10.2024;Sport Utility VehiHealthy Fast Food Chainle Sales;Portable Homes;-0.063
10.10.2024;Sport Utility VehiHealthy Fast Food Chainle Sales;Sister Home Sellers;0.222
10.10.2024;Sport Utility VehiHealthy Fast Food Chainle Sales;Sister Home Sellers;0.222
10.10.2024;Sport Utility VehiHealthy Fast Food Chainle Sales;New Gal;-0.193
10.10.2024;Sport Utility VehiHealthy Fast Food Chainle Sales;Planet Hypothesis;0.245
10.10.2024;Sport Utility VehiHealthy Fast Food Chainle Sales;ER Drama;0.579
10.10.2024;Sport Utility VehiHealthy Fast Food Chainle Sales;ER Drama;0.579
10.17.2024;Healthy Fast Food Chain;Together Forever;-0.055
10.17.2024;Healthy Fast Food Chain;Waltzing with the Famous;0.386
10.17.2024;Healthy Fast Food Chain;Waltzing with the Famous;0.386
10.17.2024;Healthy Fast Food Chain;Orlando Vice;0.277
10.17.2024;Healthy Fast Food Chain;Maui Five Ten;0.336
10.17.2024;Healthy Fast Food Chain;Neighborhood Patrol;0.382
10.17.2024;Healthy Fast Food Chain;Family Fraud;-0.001
10.17.2024;Healthy Fast Food Chain;Family Fraud;-0.001
10.17.2024;Healthy Fast Food Chain;Freaky Vacations;0.155
10.17.2024;Healthy Fast Food Chain;The Evening Show;0.587
10.17.2024;Healthy Fast Food Chain;Tonight Tonight;0.077
10.17.2024;Healthy Fast Food Chain;Late Hours;0.029
10.17.2024;Healthy Fast Food Chain;Nightly News Stories;0.247
10.17.2024;Healthy Fast Food Chain;Fix and Flip;-0.008
10.17.2024;Healthy Fast Food Chain;Fix and Flip;-0.008
10.17.2024;Healthy Fast Food Chain;Portable Homes;0.002
10.17.2024;Healthy Fast Food Chain;Portable Homes;0.002
10.17.2024;Healthy Fast Food Chain;Sister Home Sellers;0.222
10.17.2024;Healthy Fast Food Chain;New Gal;-0.193
10.17.2024;Healthy Fast Food Chain;ER Drama;0.592
10.17.2024;Healthy Fast Food Chain;ER Drama;0.592
10.17.2024;Home Cleaning Product;Together Forever;-0.055
10.17.2024;Home Cleaning Product;Orlando Vice;0.277
10.17.2024;Home Cleaning Product;Maui Five Ten;0.336
10.17.2024;Home Cleaning Product;Late Hours;0.029
10.17.2024;Home Cleaning Product;Nightly News Stories;0.247
10.17.2024;Home Cleaning Product;Fix and Flip;-0.008
10.17.2024;Home Cleaning Product;Planet Hypothesis;0.291
10.17.2024;Online Dating Site;Late Hours;0.029
10.17.2024;Retail Big Box Store;Waltzing with the Famous;0.386
10.17.2024;Retail Big Box Store;Orlando Vice;0.277
10.17.2024;Retail Big Box Store;Orlando Vice;0.277
10.17.2024;Retail Big Box Store;Maui Five Ten;0.336
10.17.2024;Retail Big Box Store;Maui Five Ten;0.336
10.17.2024;Retail Big Box Store;Neighborhood Patrol;0.382
10.17.2024;Retail Big Box Store;Family Fraud;-0.001
10.17.2024;Retail Big Box Store;Family Fraud;-0.001
10.17.2024;Retail Big Box Store;Travel the World;0.654
10.17.2024;Retail Big Box Store;My First Home;0.664
10.17.2024;Retail Big Box Store;My First Home;0.664
10.17.2024;Retail Big Box Store;The Young and the Reckless;0.07
10.17.2024;Retail Big Box Store;The Young and the Reckless;0.07
10.17.2024;Retail Big Box Store;The Evening Show;0.587
10.17.2024;Retail Big Box Store;Tonight Tonight;0.077
10.17.2024;Retail Big Box Store;Late Hours;0.029
10.17.2024;Retail Big Box Store;Late Hours;0.029
10.17.2024;Retail Big Box Store;Nightly News Stories;0.247
10.17.2024;Retail Big Box Store;Nightly News Stories;0.247
10.17.2024;Retail Big Box Store;Fix and Flip;-0.008
10.17.2024;Retail Big Box Store;Fix and Flip;-0.008
10.17.2024;Retail Big Box Store;Portable Homes;0.002
10.17.2024;Retail Big Box Store;Sister Home Sellers;0.222
10.17.2024;Retail Big Box Store;Sister Home Sellers;0.222
10.17.2024;Retail Big Box Store;New Gal;-0.193
10.17.2024;Retail Big Box Store;Planet Hypothesis;0.291
10.17.2024;Retail Big Box Store;Planet Hypothesis;0.291
10.17.2024;Retail Big Box Store;ER Drama;0.592
10.17.2024;Retail Big Box Store;ER Drama;0.592
10.17.2024;Sport Utility VehiHealthy Fast Food Chainle Sales;Together Forever;-0.055
10.17.2024;Sport Utility VehiHealthy Fast Food Chainle Sales;Together Forever;-0.055
10.17.2024;Sport Utility VehiHealthy Fast Food Chainle Sales;Waltzing with the Famous;0.386
10.17.2024;Sport Utility VehiHealthy Fast Food Chainle Sales;Waltzing with the Famous;0.386
10.17.2024;Sport Utility VehiHealthy Fast Food Chainle Sales;Orlando Vice;0.277
10.17.2024;Sport Utility VehiHealthy Fast Food Chainle Sales;Maui Five Ten;0.336
10.17.2024;Sport Utility VehiHealthy Fast Food Chainle Sales;Rescue Squad;0.444
10.17.2024;Sport Utility VehiHealthy Fast Food Chainle Sales;Neighborhood Patrol;0.382
10.17.2024;Sport Utility VehiHealthy Fast Food Chainle Sales;Family Fraud;-0.001
10.17.2024;Sport Utility VehiHealthy Fast Food Chainle Sales;I Love Betty;-0.055
10.17.2024;Sport Utility VehiHealthy Fast Food Chainle Sales;I Love Betty;-0.055
10.17.2024;Sport Utility VehiHealthy Fast Food Chainle Sales;Travel the World;0.654
10.17.2024;Sport Utility VehiHealthy Fast Food Chainle Sales;My First Home;0.664
10.17.2024;Sport Utility VehiHealthy Fast Food Chainle Sales;My First Home;0.664
10.17.2024;Sport Utility VehiHealthy Fast Food Chainle Sales;The Young and the Reckless;0.07
10.17.2024;Sport Utility VehiHealthy Fast Food Chainle Sales;The Young and the Reckless;0.07
10.17.2024;Sport Utility VehiHealthy Fast Food Chainle Sales;Late Hours;0.029
10.17.2024;Sport Utility VehiHealthy Fast Food Chainle Sales;Nightly News Stories;0.247
10.17.2024;Sport Utility VehiHealthy Fast Food Chainle Sales;Nightly News Stories;0.247
10.17.2024;Sport Utility VehiHealthy Fast Food Chainle Sales;Fix and Flip;-0.008
10.17.2024;Sport Utility VehiHealthy Fast Food Chainle Sales;Fix and Flip;-0.008
10.17.2024;Sport Utility VehiHealthy Fast Food Chainle Sales;Portable Homes;0.002
10.17.2024;Sport Utility VehiHealthy Fast Food Chainle Sales;Portable Homes;0.002
10.17.2024;Sport Utility VehiHealthy Fast Food Chainle Sales;Sister Home Sellers;0.222
10.17.2024;Sport Utility VehiHealthy Fast Food Chainle Sales;Sister Home Sellers;0.222
10.17.2024;Sport Utility VehiHealthy Fast Food Chainle Sales;New Gal;-0.193
10.17.2024;Sport Utility VehiHealthy Fast Food Chainle Sales;New Gal;-0.193
10.17.2024;Sport Utility VehiHealthy Fast Food Chainle Sales;Planet Hypothesis;0.291
10.17.2024;Sport Utility VehiHealthy Fast Food Chainle Sales;ER Drama;0.592
10.17.2024;Sport Utility VehiHealthy Fast Food Chainle Sales;ER Drama;0.592
10.24.2024;Healthy Fast Food Chain;Together Forever;-0.055
10.24.2024;Healthy Fast Food Chain;Together Forever;-0.055
10.24.2024;Healthy Fast Food Chain;Waltzing with the Famous;0.386
10.24.2024;Healthy Fast Food Chain;Waltzing with the Famous;0.386
10.24.2024;Healthy Fast Food Chain;Orlando Vice;0.277
10.24.2024;Healthy Fast Food Chain;Orlando Vice;0.277
10.24.2024;Healthy Fast Food Chain;Maui Five Ten;0.336
10.24.2024;Healthy Fast Food Chain;Family Fraud;-0.001
10.24.2024;Healthy Fast Food Chain;Family Fraud;-0.001
10.24.2024;Healthy Fast Food Chain;I Love Betty;-0.055
10.24.2024;Healthy Fast Food Chain;Freaky Vacations;0.155
10.24.2024;Healthy Fast Food Chain;Freaky Vacations;0.155
10.24.2024;Healthy Fast Food Chain;The Young and the Reckless;0.07
10.24.2024;Healthy Fast Food Chain;The Evening Show;0.587
10.24.2024;Healthy Fast Food Chain;Tonight Tonight;0.077
10.24.2024;Healthy Fast Food Chain;Late Hours;0.029
10.24.2024;Healthy Fast Food Chain;Nightly News Stories;0.247
10.24.2024;Healthy Fast Food Chain;Fix and Flip;-0.008
10.24.2024;Healthy Fast Food Chain;Fix and Flip;-0.008
10.24.2024;Healthy Fast Food Chain;Portable Homes;0.002
10.24.2024;Healthy Fast Food Chain;Portable Homes;0.002
10.24.2024;Healthy Fast Food Chain;Sister Home Sellers;0.222
10.24.2024;Healthy Fast Food Chain;Sister Home Sellers;0.222
10.24.2024;Healthy Fast Food Chain;New Gal;-0.193
10.24.2024;Healthy Fast Food Chain;Planet Hypothesis;0.291
10.24.2024;Healthy Fast Food Chain;Planet Hypothesis;0.291
10.24.2024;Healthy Fast Food Chain;ER Drama;0.592
10.24.2024;Home Cleaning Product;Together Forever;-0.055
10.24.2024;Home Cleaning Product;Orlando Vice;0.277
10.24.2024;Home Cleaning Product;Late Hours;0.029
10.24.2024;Home Cleaning Product;Nightly News Stories;0.247
10.24.2024;Home Cleaning Product;Fix and Flip;-0.008
10.24.2024;Home Cleaning Product;Planet Hypothesis;0.291
10.24.2024;Home Cleaning Product;ER Drama;0.592
10.24.2024;Online Dating Site;Late Hours;0.029
10.24.2024;Online Dating Site;Planet Hypothesis;0.291
10.24.2024;Popular Soft Drink;Fix and Flip;-0.008
10.24.2024;Popular Soft Drink;Sister Home Sellers;0.222
10.24.2024;Retail Big Box Store;Waltzing with the Famous;0.386
10.24.2024;Retail Big Box Store;Orlando Vice;0.277
10.24.2024;Retail Big Box Store;Orlando Vice;0.277
10.24.2024;Retail Big Box Store;Maui Five Ten;0.336
10.24.2024;Retail Big Box Store;Maui Five Ten;0.336
10.24.2024;Retail Big Box Store;Rescue Squad;0.444
10.24.2024;Retail Big Box Store;Family Fraud;-0.001
10.24.2024;Retail Big Box Store;Family Fraud;-0.001
10.24.2024;Retail Big Box Store;My First Home;0.664
10.24.2024;Retail Big Box Store;My First Home;0.664
10.24.2024;Retail Big Box Store;The Young and the Reckless;0.07
10.24.2024;Retail Big Box Store;Tonight Tonight;0.077
10.24.2024;Retail Big Box Store;Late Hours;0.029
10.24.2024;Retail Big Box Store;Late Hours;0.029
10.24.2024;Retail Big Box Store;Nightly News Stories;0.247
10.24.2024;Retail Big Box Store;Nightly News Stories;0.247
10.24.2024;Retail Big Box Store;Fix and Flip;-0.008
10.24.2024;Retail Big Box Store;Fix and Flip;-0.008
10.24.2024;Retail Big Box Store;Portable Homes;0.002
10.24.2024;Retail Big Box Store;Sister Home Sellers;0.222
10.24.2024;Retail Big Box Store;Sister Home Sellers;0.222
10.24.2024;Retail Big Box Store;New Gal;-0.193
10.24.2024;Retail Big Box Store;Planet Hypothesis;0.291
10.24.2024;Retail Big Box Store;Planet Hypothesis;0.291
10.24.2024;Retail Big Box Store;ER Drama;0.592
10.24.2024;Sport Utility VehiHealthy Fast Food Chainle Sales;Together Forever;-0.055
10.24.2024;Sport Utility VehiHealthy Fast Food Chainle Sales;Together Forever;-0.055
10.24.2024;Sport Utility VehiHealthy Fast Food Chainle Sales;Waltzing with the Famous;0.386
10.24.2024;Sport Utility VehiHealthy Fast Food Chainle Sales;Waltzing with the Famous;0.386
10.24.2024;Sport Utility VehiHealthy Fast Food Chainle Sales;Orlando Vice;0.277
10.24.2024;Sport Utility VehiHealthy Fast Food Chainle Sales;Orlando Vice;0.277
10.24.2024;Sport Utility VehiHealthy Fast Food Chainle Sales;Maui Five Ten;0.336
10.24.2024;Sport Utility VehiHealthy Fast Food Chainle Sales;Rescue Squad;0.444
10.24.2024;Sport Utility VehiHealthy Fast Food Chainle Sales;Family Fraud;-0.001
10.24.2024;Sport Utility VehiHealthy Fast Food Chainle Sales;I Love Betty;-0.055
10.24.2024;Sport Utility VehiHealthy Fast Food Chainle Sales;My First Home;0.664
10.24.2024;Sport Utility VehiHealthy Fast Food Chainle Sales;My First Home;0.664
10.24.2024;Sport Utility VehiHealthy Fast Food Chainle Sales;Freaky Vacations;0.155
10.24.2024;Sport Utility VehiHealthy Fast Food Chainle Sales;The Young and the Reckless;0.07
10.24.2024;Sport Utility VehiHealthy Fast Food Chainle Sales;The Evening Show;0.587
10.24.2024;Sport Utility VehiHealthy Fast Food Chainle Sales;Tonight Tonight;0.077
10.24.2024;Sport Utility VehiHealthy Fast Food Chainle Sales;Late Hours;0.029
10.24.2024;Sport Utility VehiHealthy Fast Food Chainle Sales;Nightly News Stories;0.247
10.24.2024;Sport Utility VehiHealthy Fast Food Chainle Sales;Nightly News Stories;0.247
10.24.2024;Sport Utility VehiHealthy Fast Food Chainle Sales;Fix and Flip;-0.008
10.24.2024;Sport Utility VehiHealthy Fast Food Chainle Sales;Fix and Flip;-0.008
10.24.2024;Sport Utility VehiHealthy Fast Food Chainle Sales;Portable Homes;0.002
10.24.2024;Sport Utility VehiHealthy Fast Food Chainle Sales;Portable Homes;0.002
10.24.2024;Sport Utility VehiHealthy Fast Food Chainle Sales;Sister Home Sellers;0.222
10.24.2024;Sport Utility VehiHealthy Fast Food Chainle Sales;Sister Home Sellers;0.222
10.24.2024;Sport Utility VehiHealthy Fast Food Chainle Sales;New Gal;-0.193
10.24.2024;Sport Utility VehiHealthy Fast Food Chainle Sales;New Gal;-0.193
10.24.2024;Sport Utility VehiHealthy Fast Food Chainle Sales;Planet Hypothesis;0.291
10.24.2024;Sport Utility VehiHealthy Fast Food Chainle Sales;Planet Hypothesis;0.291
10.24.2024;Sport Utility VehiHealthy Fast Food Chainle Sales;ER Drama;0.592
10.31.2024;Healthy Fast Food Chain;Together Forever;-0.055
10.31.2024;Healthy Fast Food Chain;Together Forever;-0.055
10.31.2024;Healthy Fast Food Chain;Waltzing with the Famous;0.386
10.31.2024;Healthy Fast Food Chain;Waltzing with the Famous;0.386
10.31.2024;Healthy Fast Food Chain;Orlando Vice;0.277
10.31.2024;Healthy Fast Food Chain;Orlando Vice;0.277
10.31.2024;Healthy Fast Food Chain;Maui Five Ten;0.336
10.31.2024;Healthy Fast Food Chain;Maui Five Ten;0.336
10.31.2024;Healthy Fast Food Chain;Neighborhood Patrol;0.382
10.31.2024;Healthy Fast Food Chain;Family Fraud;-0.001
10.31.2024;Healthy Fast Food Chain;Family Fraud;-0.001
10.31.2024;Healthy Fast Food Chain;My First Home;0.664
10.31.2024;Healthy Fast Food Chain;Freaky Vacations;0.155
10.31.2024;Healthy Fast Food Chain;Freaky Vacations;0.155
10.31.2024;Healthy Fast Food Chain;The Evening Show;0.587
10.31.2024;Healthy Fast Food Chain;The Evening Show;0.587
10.31.2024;Healthy Fast Food Chain;Tonight Tonight;0.077
10.31.2024;Healthy Fast Food Chain;Late Hours;0.029
10.31.2024;Healthy Fast Food Chain;Nightly News Stories;0.247
10.31.2024;Healthy Fast Food Chain;Nightly News Stories;0.247
10.31.2024;Healthy Fast Food Chain;Fix and Flip;-0.008
10.31.2024;Healthy Fast Food Chain;Fix and Flip;-0.008
10.31.2024;Healthy Fast Food Chain;Portable Homes;0.002
10.31.2024;Healthy Fast Food Chain;Portable Homes;0.002
10.31.2024;Healthy Fast Food Chain;Sister Home Sellers;0.222
10.31.2024;Healthy Fast Food Chain;Sister Home Sellers;0.222
10.31.2024;Healthy Fast Food Chain;New Gal;-0.193
10.31.2024;Healthy Fast Food Chain;Planet Hypothesis;0.291
10.31.2024;Healthy Fast Food Chain;Planet Hypothesis;0.291
10.31.2024;Healthy Fast Food Chain;ER Drama;0.592
10.31.2024;Healthy Fast Food Chain;ER Drama;0.592
10.31.2024;Home Cleaning Product;I Love Betty;-0.055
10.31.2024;Home Cleaning Product;New Gal;-0.193
10.31.2024;Popular Soft Drink;Fix and Flip;-0.008
10.31.2024;Popular Soft Drink;New Gal;-0.193
10.31.2024;Retail Big Box Store;Orlando Vice;0.277
10.31.2024;Retail Big Box Store;Maui Five Ten;0.336
10.31.2024;Retail Big Box Store;Rescue Squad;0.444
10.31.2024;Retail Big Box Store;My First Home;0.664
10.31.2024;Retail Big Box Store;Late Hours;0.029
10.31.2024;Retail Big Box Store;Nightly News Stories;0.247
10.31.2024;Retail Big Box Store;Fix and Flip;-0.008
10.31.2024;Retail Big Box Store;Fix and Flip;-0.008
10.31.2024;Retail Big Box Store;Portable Homes;0.002
10.31.2024;Retail Big Box Store;Sister Home Sellers;0.222
10.31.2024;Retail Big Box Store;Sister Home Sellers;0.222
10.31.2024;Retail Big Box Store;Planet Hypothesis;0.291
10.31.2024;Retail Big Box Store;Planet Hypothesis;0.291
10.31.2024;Retail Big Box Store;ER Drama;0.592
10.31.2024;Sport Utility VehiHealthy Fast Food Chainle Sales;Together Forever;-0.055
10.31.2024;Sport Utility VehiHealthy Fast Food Chainle Sales;Waltzing with the Famous;0.386
10.31.2024;Sport Utility VehiHealthy Fast Food Chainle Sales;Waltzing with the Famous;0.386
10.31.2024;Sport Utility VehiHealthy Fast Food Chainle Sales;Orlando Vice;0.277
10.31.2024;Sport Utility VehiHealthy Fast Food Chainle Sales;Orlando Vice;0.277
10.31.2024;Sport Utility VehiHealthy Fast Food Chainle Sales;Maui Five Ten;0.336
10.31.2024;Sport Utility VehiHealthy Fast Food Chainle Sales;Maui Five Ten;0.336
10.31.2024;Sport Utility VehiHealthy Fast Food Chainle Sales;Rescue Squad;0.444
10.31.2024;Sport Utility VehiHealthy Fast Food Chainle Sales;Rescue Squad;0.444
10.31.2024;Sport Utility VehiHealthy Fast Food Chainle Sales;Neighborhood Patrol;0.382
10.31.2024;Sport Utility VehiHealthy Fast Food Chainle Sales;Family Fraud;-0.001
10.31.2024;Sport Utility VehiHealthy Fast Food Chainle Sales;I Love Betty;-0.055
10.31.2024;Sport Utility VehiHealthy Fast Food Chainle Sales;My First Home;0.664
10.31.2024;Sport Utility VehiHealthy Fast Food Chainle Sales;Late Hours;0.029
10.31.2024;Sport Utility VehiHealthy Fast Food Chainle Sales;Late Hours;0.029
10.31.2024;Sport Utility VehiHealthy Fast Food Chainle Sales;Nightly News Stories;0.247
10.31.2024;Sport Utility VehiHealthy Fast Food Chainle Sales;Nightly News Stories;0.247
10.31.2024;Sport Utility VehiHealthy Fast Food Chainle Sales;Fix and Flip;-0.008
10.31.2024;Sport Utility VehiHealthy Fast Food Chainle Sales;Fix and Flip;-0.008
10.31.2024;Sport Utility VehiHealthy Fast Food Chainle Sales;Portable Homes;0.002
10.31.2024;Sport Utility VehiHealthy Fast Food Chainle Sales;Portable Homes;0.002
10.31.2024;Sport Utility VehiHealthy Fast Food Chainle Sales;Sister Home Sellers;0.222
10.31.2024;Sport Utility VehiHealthy Fast Food Chainle Sales;Sister Home Sellers;0.222
10.31.2024;Sport Utility VehiHealthy Fast Food Chainle Sales;New Gal;-0.193
10.31.2024;Sport Utility VehiHealthy Fast Food Chainle Sales;Planet Hypothesis;0.291
10.31.2024;Sport Utility VehiHealthy Fast Food Chainle Sales;Planet Hypothesis;0.291
10.31.2024;Sport Utility VehiHealthy Fast Food Chainle Sales;ER Drama;0.592
11.07.2024;Healthy Fast Food Chain;Together Forever;-0.055
11.07.2024;Healthy Fast Food Chain;Waltzing with the Famous;0.386
11.07.2024;Healthy Fast Food Chain;Waltzing with the Famous;0.386
11.07.2024;Healthy Fast Food Chain;Orlando Vice;0.277
11.07.2024;Healthy Fast Food Chain;Orlando Vice;0.277
11.07.2024;Healthy Fast Food Chain;Maui Five Ten;0.336
11.07.2024;Healthy Fast Food Chain;Maui Five Ten;0.336
11.07.2024;Healthy Fast Food Chain;Neighborhood Patrol;0.382
11.07.2024;Healthy Fast Food Chain;Family Fraud;-0.001
11.07.2024;Healthy Fast Food Chain;Family Fraud;-0.001
11.07.2024;Healthy Fast Food Chain;My First Home;0.664
11.07.2024;Healthy Fast Food Chain;Freaky Vacations;0.155
11.07.2024;Healthy Fast Food Chain;Freaky Vacations;0.155
11.07.2024;Healthy Fast Food Chain;The Evening Show;0.587
11.07.2024;Healthy Fast Food Chain;The Evening Show;0.587
11.07.2024;Healthy Fast Food Chain;Tonight Tonight;0.077
11.07.2024;Healthy Fast Food Chain;Late Hours;0.029
11.07.2024;Healthy Fast Food Chain;Nightly News Stories;0.247
11.07.2024;Healthy Fast Food Chain;Nightly News Stories;0.247
11.07.2024;Healthy Fast Food Chain;Fix and Flip;-0.008
11.07.2024;Healthy Fast Food Chain;Fix and Flip;-0.008
11.07.2024;Healthy Fast Food Chain;Portable Homes;0.002
11.07.2024;Healthy Fast Food Chain;Portable Homes;0.002
11.07.2024;Healthy Fast Food Chain;Sister Home Sellers;0.222
11.07.2024;Healthy Fast Food Chain;Sister Home Sellers;0.222
11.07.2024;Healthy Fast Food Chain;New Gal;-0.193
11.07.2024;Healthy Fast Food Chain;Planet Hypothesis;0.291
11.07.2024;Healthy Fast Food Chain;Planet Hypothesis;0.291
11.07.2024;Healthy Fast Food Chain;ER Drama;0.592
11.07.2024;Healthy Fast Food Chain;ER Drama;0.592
11.07.2024;Home Cleaning Product;I Love Betty;-0.055
11.07.2024;Home Cleaning Product;New Gal;-0.193
11.07.2024;Home Cleaning Product;Planet Hypothesis;0.291
11.07.2024;Online Dating Site;Late Hours;0.029
11.07.2024;Popular Soft Drink;Fix and Flip;-0.008
11.07.2024;Popular Soft Drink;Sister Home Sellers;0.222
11.07.2024;Retail Big Box Store;Orlando Vice;0.277
11.07.2024;Retail Big Box Store;Orlando Vice;0.277
11.07.2024;Retail Big Box Store;Maui Five Ten;0.336
11.07.2024;Retail Big Box Store;Rescue Squad;0.444
11.07.2024;Retail Big Box Store;Neighborhood Patrol;0.382
11.07.2024;Retail Big Box Store;Family Fraud;-0.001
11.07.2024;Retail Big Box Store;Family Fraud;-0.001
11.07.2024;Retail Big Box Store;My First Home;0.664
11.07.2024;Retail Big Box Store;The Evening Show;0.587
11.07.2024;Retail Big Box Store;Late Hours;0.029
11.07.2024;Retail Big Box Store;Nightly News Stories;0.247
11.07.2024;Retail Big Box Store;Nightly News Stories;0.247
11.07.2024;Retail Big Box Store;Fix and Flip;-0.008
11.07.2024;Retail Big Box Store;Fix and Flip;-0.008
11.07.2024;Retail Big Box Store;Portable Homes;0.002
11.07.2024;Retail Big Box Store;Portable Homes;0.002
11.07.2024;Retail Big Box Store;Sister Home Sellers;0.222
11.07.2024;Retail Big Box Store;Planet Hypothesis;0.291
11.07.2024;Retail Big Box Store;Planet Hypothesis;0.291
11.07.2024;Sport Utility VehiHealthy Fast Food Chainle Sales;Together Forever;-0.055
11.07.2024;Sport Utility VehiHealthy Fast Food Chainle Sales;Together Forever;-0.055
11.07.2024;Sport Utility VehiHealthy Fast Food Chainle Sales;Waltzing with the Famous;0.386
11.07.2024;Sport Utility VehiHealthy Fast Food Chainle Sales;Waltzing with the Famous;0.386
11.07.2024;Sport Utility VehiHealthy Fast Food Chainle Sales;Orlando Vice;0.277
11.07.2024;Sport Utility VehiHealthy Fast Food Chainle Sales;Orlando Vice;0.277
11.07.2024;Sport Utility VehiHealthy Fast Food Chainle Sales;Maui Five Ten;0.336
11.07.2024;Sport Utility VehiHealthy Fast Food Chainle Sales;Maui Five Ten;0.336
11.07.2024;Sport Utility VehiHealthy Fast Food Chainle Sales;Rescue Squad;0.444
11.07.2024;Sport Utility VehiHealthy Fast Food Chainle Sales;Rescue Squad;0.444
11.07.2024;Sport Utility VehiHealthy Fast Food Chainle Sales;Neighborhood Patrol;0.382
11.07.2024;Sport Utility VehiHealthy Fast Food Chainle Sales;Family Fraud;-0.001
11.07.2024;Sport Utility VehiHealthy Fast Food Chainle Sales;Family Fraud;-0.001
11.07.2024;Sport Utility VehiHealthy Fast Food Chainle Sales;I Love Betty;-0.055
11.07.2024;Sport Utility VehiHealthy Fast Food Chainle Sales;I Love Betty;-0.055
11.07.2024;Sport Utility VehiHealthy Fast Food Chainle Sales;Travel the World;0.654
11.07.2024;Sport Utility VehiHealthy Fast Food Chainle Sales;My First Home;0.664
11.07.2024;Sport Utility VehiHealthy Fast Food Chainle Sales;The Evening Show;0.587
11.07.2024;Sport Utility VehiHealthy Fast Food Chainle Sales;Tonight Tonight;0.077
11.07.2024;Sport Utility VehiHealthy Fast Food Chainle Sales;Late Hours;0.029
11.07.2024;Sport Utility VehiHealthy Fast Food Chainle Sales;Nightly News Stories;0.247
11.07.2024;Sport Utility VehiHealthy Fast Food Chainle Sales;Nightly News Stories;0.247
11.07.2024;Sport Utility VehiHealthy Fast Food Chainle Sales;Fix and Flip;-0.008
11.07.2024;Sport Utility VehiHealthy Fast Food Chainle Sales;Fix and Flip;-0.008
11.07.2024;Sport Utility VehiHealthy Fast Food Chainle Sales;Portable Homes;0.002
11.07.2024;Sport Utility VehiHealthy Fast Food Chainle Sales;Portable Homes;0.002
11.07.2024;Sport Utility VehiHealthy Fast Food Chainle Sales;Sister Home Sellers;0.222
11.07.2024;Sport Utility VehiHealthy Fast Food Chainle Sales;Sister Home Sellers;0.222
11.07.2024;Sport Utility VehiHealthy Fast Food Chainle Sales;New Gal;-0.193
11.07.2024;Sport Utility VehiHealthy Fast Food Chainle Sales;Planet Hypothesis;0.291
11.07.2024;Sport Utility VehiHealthy Fast Food Chainle Sales;ER Drama;0.592
11.14.2024;Healthy Fast Food Chain;Together Forever;-0.055
11.14.2024;Healthy Fast Food Chain;Waltzing with the Famous;0.386
11.14.2024;Healthy Fast Food Chain;Waltzing with the Famous;0.386
11.14.2024;Healthy Fast Food Chain;Orlando Vice;0.277
11.14.2024;Healthy Fast Food Chain;Orlando Vice;0.277
11.14.2024;Healthy Fast Food Chain;Maui Five Ten;0.336
11.14.2024;Healthy Fast Food Chain;Maui Five Ten;0.336
11.14.2024;Healthy Fast Food Chain;Neighborhood Patrol;0.382
11.14.2024;Healthy Fast Food Chain;Family Fraud;-0.001
11.14.2024;Healthy Fast Food Chain;Family Fraud;-0.001
11.14.2024;Healthy Fast Food Chain;Travel the World;0.654
11.14.2024;Healthy Fast Food Chain;My First Home;0.664
11.14.2024;Healthy Fast Food Chain;Freaky Vacations;0.155
11.14.2024;Healthy Fast Food Chain;Freaky Vacations;0.155
11.14.2024;Healthy Fast Food Chain;Late Hours;0.029
11.14.2024;Healthy Fast Food Chain;Nightly News Stories;0.247
11.14.2024;Healthy Fast Food Chain;Nightly News Stories;0.247
11.14.2024;Healthy Fast Food Chain;Fix and Flip;-0.008
11.14.2024;Healthy Fast Food Chain;Fix and Flip;-0.008
11.14.2024;Healthy Fast Food Chain;Portable Homes;0.002
11.14.2024;Healthy Fast Food Chain;Portable Homes;0.002
11.14.2024;Healthy Fast Food Chain;Sister Home Sellers;0.222
11.14.2024;Healthy Fast Food Chain;Sister Home Sellers;0.222
11.14.2024;Healthy Fast Food Chain;New Gal;-0.193
11.14.2024;Healthy Fast Food Chain;Planet Hypothesis;0.291
11.14.2024;Healthy Fast Food Chain;ER Drama;0.592
11.14.2024;Home Cleaning Product;Orlando Vice;0.277
11.14.2024;Home Cleaning Product;I Love Betty;-0.055
11.14.2024;Home Cleaning Product;Late Hours;0.029
11.14.2024;Home Cleaning Product;Nightly News Stories;0.247
11.14.2024;Home Cleaning Product;Fix and Flip;-0.008
11.14.2024;Home Cleaning Product;Sister Home Sellers;0.222
11.14.2024;Home Cleaning Product;New Gal;-0.193
11.14.2024;Popular Soft Drink;Fix and Flip;-0.008
11.14.2024;Retail Big Box Store;Together Forever;-0.055
11.14.2024;Retail Big Box Store;Orlando Vice;0.277
11.14.2024;Retail Big Box Store;Maui Five Ten;0.336
11.14.2024;Retail Big Box Store;Maui Five Ten;0.336
11.14.2024;Retail Big Box Store;Rescue Squad;0.444
11.14.2024;Retail Big Box Store;Family Fraud;-0.001
11.14.2024;Retail Big Box Store;Travel the World;0.654
11.14.2024;Retail Big Box Store;My First Home;0.664
11.14.2024;Retail Big Box Store;Freaky Vacations;0.155
11.14.2024;Retail Big Box Store;Tonight Tonight;0.077
11.14.2024;Retail Big Box Store;Late Hours;0.029
11.14.2024;Retail Big Box Store;Nightly News Stories;0.247
11.14.2024;Retail Big Box Store;Fix and Flip;-0.008
11.14.2024;Retail Big Box Store;Fix and Flip;-0.008
11.14.2024;Retail Big Box Store;Sister Home Sellers;0.222
11.14.2024;Retail Big Box Store;Sister Home Sellers;0.222
11.14.2024;Retail Big Box Store;New Gal;-0.193
11.14.2024;Retail Big Box Store;Planet Hypothesis;0.291
11.14.2024;Retail Big Box Store;Planet Hypothesis;0.291
11.14.2024;Sport Utility VehiHealthy Fast Food Chainle Sales;Together Forever;-0.055
11.14.2024;Sport Utility VehiHealthy Fast Food Chainle Sales;Together Forever;-0.055
11.14.2024;Sport Utility VehiHealthy Fast Food Chainle Sales;Waltzing with the Famous;0.386
11.14.2024;Sport Utility VehiHealthy Fast Food Chainle Sales;Waltzing with the Famous;0.386
11.14.2024;Sport Utility VehiHealthy Fast Food Chainle Sales;Orlando Vice;0.277
11.14.2024;Sport Utility VehiHealthy Fast Food Chainle Sales;Maui Five Ten;0.336
11.14.2024;Sport Utility VehiHealthy Fast Food Chainle Sales;Maui Five Ten;0.336
11.14.2024;Sport Utility VehiHealthy Fast Food Chainle Sales;Rescue Squad;0.444
11.14.2024;Sport Utility VehiHealthy Fast Food Chainle Sales;Rescue Squad;0.444
11.14.2024;Sport Utility VehiHealthy Fast Food Chainle Sales;Neighborhood Patrol;0.382
11.14.2024;Sport Utility VehiHealthy Fast Food Chainle Sales;Neighborhood Patrol;0.382
11.14.2024;Sport Utility VehiHealthy Fast Food Chainle Sales;Family Fraud;-0.001
11.14.2024;Sport Utility VehiHealthy Fast Food Chainle Sales;I Love Betty;-0.055
11.14.2024;Sport Utility VehiHealthy Fast Food Chainle Sales;I Love Betty;-0.055
11.14.2024;Sport Utility VehiHealthy Fast Food Chainle Sales;Travel the World;0.654
11.14.2024;Sport Utility VehiHealthy Fast Food Chainle Sales;My First Home;0.664
11.14.2024;Sport Utility VehiHealthy Fast Food Chainle Sales;My First Home;0.664
11.14.2024;Sport Utility VehiHealthy Fast Food Chainle Sales;Freaky Vacations;0.155
11.14.2024;Sport Utility VehiHealthy Fast Food Chainle Sales;Tonight Tonight;0.077
11.14.2024;Sport Utility VehiHealthy Fast Food Chainle Sales;Late Hours;0.029
11.14.2024;Sport Utility VehiHealthy Fast Food Chainle Sales;Late Hours;0.029
11.14.2024;Sport Utility VehiHealthy Fast Food Chainle Sales;Nightly News Stories;0.247
11.14.2024;Sport Utility VehiHealthy Fast Food Chainle Sales;Nightly News Stories;0.247
11.14.2024;Sport Utility VehiHealthy Fast Food Chainle Sales;Fix and Flip;-0.008
11.14.2024;Sport Utility VehiHealthy Fast Food Chainle Sales;Fix and Flip;-0.008
11.14.2024;Sport Utility VehiHealthy Fast Food Chainle Sales;Portable Homes;0.002
11.14.2024;Sport Utility VehiHealthy Fast Food Chainle Sales;Portable Homes;0.002
11.14.2024;Sport Utility VehiHealthy Fast Food Chainle Sales;Sister Home Sellers;0.222
11.14.2024;Sport Utility VehiHealthy Fast Food Chainle Sales;Sister Home Sellers;0.222
11.14.2024;Sport Utility VehiHealthy Fast Food Chainle Sales;New Gal;-0.193
11.14.2024;Sport Utility VehiHealthy Fast Food Chainle Sales;Planet Hypothesis;0.291
11.14.2024;Sport Utility VehiHealthy Fast Food Chainle Sales;Planet Hypothesis;0.291
11.14.2024;Sport Utility VehiHealthy Fast Food Chainle Sales;ER Drama;0.592
11.21.2024;Healthy Fast Food Chain;Waltzing with the Famous;0.386
11.21.2024;Healthy Fast Food Chain;Waltzing with the Famous;0.386
11.21.2024;Healthy Fast Food Chain;Orlando Vice;0.277
11.21.2024;Healthy Fast Food Chain;Orlando Vice;0.277
11.21.2024;Healthy Fast Food Chain;Maui Five Ten;0.336
11.21.2024;Healthy Fast Food Chain;Maui Five Ten;0.336
11.21.2024;Healthy Fast Food Chain;Family Fraud;-0.001
11.21.2024;Healthy Fast Food Chain;My First Home;0.664
11.21.2024;Healthy Fast Food Chain;Freaky Vacations;0.155
11.21.2024;Healthy Fast Food Chain;Freaky Vacations;0.155
11.21.2024;Healthy Fast Food Chain;The Evening Show;0.587
11.21.2024;Healthy Fast Food Chain;Tonight Tonight;0.077
11.21.2024;Healthy Fast Food Chain;Late Hours;0.029
11.21.2024;Healthy Fast Food Chain;Nightly News Stories;0.247
11.21.2024;Healthy Fast Food Chain;Nightly News Stories;0.247
11.21.2024;Healthy Fast Food Chain;Fix and Flip;-0.008
11.21.2024;Healthy Fast Food Chain;Fix and Flip;-0.008
11.21.2024;Healthy Fast Food Chain;Portable Homes;0.002
11.21.2024;Healthy Fast Food Chain;Portable Homes;0.002
11.21.2024;Healthy Fast Food Chain;Sister Home Sellers;0.222
11.21.2024;Healthy Fast Food Chain;Sister Home Sellers;0.222
11.21.2024;Healthy Fast Food Chain;New Gal;-0.193
11.21.2024;Healthy Fast Food Chain;Planet Hypothesis;0.291
11.21.2024;Healthy Fast Food Chain;Planet Hypothesis;0.291
11.21.2024;Healthy Fast Food Chain;ER Drama;0.592
11.21.2024;Home Cleaning Product;Orlando Vice;0.277
11.21.2024;Home Cleaning Product;I Love Betty;-0.055
11.21.2024;Home Cleaning Product;Late Hours;0.029
11.21.2024;Home Cleaning Product;Fix and Flip;-0.008
11.21.2024;Home Cleaning Product;New Gal;-0.193
11.21.2024;Home Cleaning Product;Planet Hypothesis;0.291
11.21.2024;Popular Soft Drink;Fix and Flip;-0.008
11.21.2024;Popular Soft Drink;Sister Home Sellers;0.222
11.21.2024;Retail Big Box Store;Together Forever;-0.055
11.21.2024;Retail Big Box Store;Waltzing with the Famous;0.386
11.21.2024;Retail Big Box Store;Orlando Vice;0.277
11.21.2024;Retail Big Box Store;Orlando Vice;0.277
11.21.2024;Retail Big Box Store;Maui Five Ten;0.336
11.21.2024;Retail Big Box Store;Maui Five Ten;0.336
11.21.2024;Retail Big Box Store;Rescue Squad;0.444
11.21.2024;Retail Big Box Store;Family Fraud;-0.001
11.21.2024;Retail Big Box Store;Travel the World;0.654
11.21.2024;Retail Big Box Store;My First Home;0.664
11.21.2024;Retail Big Box Store;The Evening Show;0.587
11.21.2024;Retail Big Box Store;Tonight Tonight;0.077
11.21.2024;Retail Big Box Store;Late Hours;0.029
11.21.2024;Retail Big Box Store;Late Hours;0.029
11.21.2024;Retail Big Box Store;Nightly News Stories;0.247
11.21.2024;Retail Big Box Store;Fix and Flip;-0.008
11.21.2024;Retail Big Box Store;Fix and Flip;-0.008
11.21.2024;Retail Big Box Store;Portable Homes;0.002
11.21.2024;Retail Big Box Store;Sister Home Sellers;0.222
11.21.2024;Retail Big Box Store;Sister Home Sellers;0.222
11.21.2024;Retail Big Box Store;New Gal;-0.193
11.21.2024;Retail Big Box Store;Planet Hypothesis;0.291
11.21.2024;Retail Big Box Store;Planet Hypothesis;0.291
11.21.2024;Sport Utility VehiHealthy Fast Food Chainle Sales;See and Sold;0.484
11.21.2024;Sport Utility VehiHealthy Fast Food Chainle Sales;Together Forever;-0.055
11.21.2024;Sport Utility VehiHealthy Fast Food Chainle Sales;Together Forever;-0.055
11.21.2024;Sport Utility VehiHealthy Fast Food Chainle Sales;Waltzing with the Famous;0.386
11.21.2024;Sport Utility VehiHealthy Fast Food Chainle Sales;Waltzing with the Famous;0.386
11.21.2024;Sport Utility VehiHealthy Fast Food Chainle Sales;Orlando Vice;0.277
11.21.2024;Sport Utility VehiHealthy Fast Food Chainle Sales;Orlando Vice;0.277
11.21.2024;Sport Utility VehiHealthy Fast Food Chainle Sales;Maui Five Ten;0.336
11.21.2024;Sport Utility VehiHealthy Fast Food Chainle Sales;Rescue Squad;0.444
11.21.2024;Sport Utility VehiHealthy Fast Food Chainle Sales;Rescue Squad;0.444
11.21.2024;Sport Utility VehiHealthy Fast Food Chainle Sales;Family Fraud;-0.001
11.21.2024;Sport Utility VehiHealthy Fast Food Chainle Sales;I Love Betty;-0.055
11.21.2024;Sport Utility VehiHealthy Fast Food Chainle Sales;I Love Betty;-0.055
11.21.2024;Sport Utility VehiHealthy Fast Food Chainle Sales;Travel the World;0.654
11.21.2024;Sport Utility VehiHealthy Fast Food Chainle Sales;My First Home;0.664
11.21.2024;Sport Utility VehiHealthy Fast Food Chainle Sales;Freaky Vacations;0.155
11.21.2024;Sport Utility VehiHealthy Fast Food Chainle Sales;Tonight Tonight;0.077
11.21.2024;Sport Utility VehiHealthy Fast Food Chainle Sales;Late Hours;0.029
11.21.2024;Sport Utility VehiHealthy Fast Food Chainle Sales;Late Hours;0.029
11.21.2024;Sport Utility VehiHealthy Fast Food Chainle Sales;Nightly News Stories;0.247
11.21.2024;Sport Utility VehiHealthy Fast Food Chainle Sales;Fix and Flip;-0.008
11.21.2024;Sport Utility VehiHealthy Fast Food Chainle Sales;Fix and Flip;-0.008
11.21.2024;Sport Utility VehiHealthy Fast Food Chainle Sales;Portable Homes;0.002
11.21.2024;Sport Utility VehiHealthy Fast Food Chainle Sales;Portable Homes;0.002
11.21.2024;Sport Utility VehiHealthy Fast Food Chainle Sales;Sister Home Sellers;0.222
11.21.2024;Sport Utility VehiHealthy Fast Food Chainle Sales;Sister Home Sellers;0.222
11.21.2024;Sport Utility VehiHealthy Fast Food Chainle Sales;New Gal;-0.193
11.21.2024;Sport Utility VehiHealthy Fast Food Chainle Sales;New Gal;-0.193
11.21.2024;Sport Utility VehiHealthy Fast Food Chainle Sales;Planet Hypothesis;0.291
11.21.2024;Sport Utility VehiHealthy Fast Food Chainle Sales;Planet Hypothesis;0.291
11.21.2024;Sport Utility VehiHealthy Fast Food Chainle Sales;ER Drama;0.592
11.28.2024;Healthy Fast Food Chain;Together Forever;-0.055
11.28.2024;Healthy Fast Food Chain;Waltzing with the Famous;0.386
11.28.2024;Healthy Fast Food Chain;Waltzing with the Famous;0.386
11.28.2024;Healthy Fast Food Chain;Orlando Vice;0.277
11.28.2024;Healthy Fast Food Chain;Orlando Vice;0.277
11.28.2024;Healthy Fast Food Chain;Maui Five Ten;0.336
11.28.2024;Healthy Fast Food Chain;Family Fraud;-0.001
11.28.2024;Healthy Fast Food Chain;I Love Betty;-0.055
11.28.2024;Healthy Fast Food Chain;The Evening Show;0.587
11.28.2024;Healthy Fast Food Chain;The Evening Show;0.587
11.28.2024;Healthy Fast Food Chain;Late Hours;0.029
11.28.2024;Healthy Fast Food Chain;Nightly News Stories;0.247
11.28.2024;Healthy Fast Food Chain;Nightly News Stories;0.247
11.28.2024;Healthy Fast Food Chain;Fix and Flip;-0.008
11.28.2024;Healthy Fast Food Chain;Fix and Flip;-0.008
11.28.2024;Healthy Fast Food Chain;Portable Homes;0.002
11.28.2024;Healthy Fast Food Chain;Sister Home Sellers;0.222
11.28.2024;Healthy Fast Food Chain;Sister Home Sellers;0.222
11.28.2024;Healthy Fast Food Chain;New Gal;-0.193
11.28.2024;Healthy Fast Food Chain;Planet Hypothesis;0.291
11.28.2024;Healthy Fast Food Chain;Planet Hypothesis;0.291
11.28.2024;Healthy Fast Food Chain;ER Drama;0.592
11.28.2024;Home Cleaning Product;I Love Betty;-0.055
11.28.2024;Home Cleaning Product;Nightly News Stories;0.247
11.28.2024;Home Cleaning Product;New Gal;-0.193
11.28.2024;Online Dating Site;Fix and Flip;-0.008
11.28.2024;Popular Soft Drink;Fix and Flip;-0.008
11.28.2024;Retail Big Box Store;Together Forever;-0.055
11.28.2024;Retail Big Box Store;Waltzing with the Famous;0.386
11.28.2024;Retail Big Box Store;Orlando Vice;0.277
11.28.2024;Retail Big Box Store;Orlando Vice;0.277
11.28.2024;Retail Big Box Store;Maui Five Ten;0.336
11.28.2024;Retail Big Box Store;Maui Five Ten;0.336
11.28.2024;Retail Big Box Store;Family Fraud;-0.001
11.28.2024;Retail Big Box Store;My First Home;0.664
11.28.2024;Retail Big Box Store;Tonight Tonight;0.077
11.28.2024;Retail Big Box Store;Late Hours;0.029
11.28.2024;Retail Big Box Store;Late Hours;0.029
11.28.2024;Retail Big Box Store;Nightly News Stories;0.247
11.28.2024;Retail Big Box Store;Fix and Flip;-0.008
11.28.2024;Retail Big Box Store;Fix and Flip;-0.008
11.28.2024;Retail Big Box Store;Portable Homes;0.002
11.28.2024;Retail Big Box Store;Sister Home Sellers;0.222
11.28.2024;Retail Big Box Store;New Gal;-0.193
11.28.2024;Retail Big Box Store;Planet Hypothesis;0.291
11.28.2024;Retail Big Box Store;Planet Hypothesis;0.291
11.28.2024;Sport Utility VehiHealthy Fast Food Chainle Sales;Together Forever;-0.055
11.28.2024;Sport Utility VehiHealthy Fast Food Chainle Sales;Together Forever;-0.055
11.28.2024;Sport Utility VehiHealthy Fast Food Chainle Sales;Waltzing with the Famous;0.386
11.28.2024;Sport Utility VehiHealthy Fast Food Chainle Sales;Waltzing with the Famous;0.386
11.28.2024;Sport Utility VehiHealthy Fast Food Chainle Sales;Orlando Vice;0.277
11.28.2024;Sport Utility VehiHealthy Fast Food Chainle Sales;Orlando Vice;0.277
11.28.2024;Sport Utility VehiHealthy Fast Food Chainle Sales;Maui Five Ten;0.336
11.28.2024;Sport Utility VehiHealthy Fast Food Chainle Sales;Maui Five Ten;0.336
11.28.2024;Sport Utility VehiHealthy Fast Food Chainle Sales;Rescue Squad;0.444
11.28.2024;Sport Utility VehiHealthy Fast Food Chainle Sales;Rescue Squad;0.444
11.28.2024;Sport Utility VehiHealthy Fast Food Chainle Sales;Family Fraud;-0.001
11.28.2024;Sport Utility VehiHealthy Fast Food Chainle Sales;Family Fraud;-0.001
11.28.2024;Sport Utility VehiHealthy Fast Food Chainle Sales;I Love Betty;-0.055
11.28.2024;Sport Utility VehiHealthy Fast Food Chainle Sales;I Love Betty;-0.055
11.28.2024;Sport Utility VehiHealthy Fast Food Chainle Sales;Travel the World;0.654
11.28.2024;Sport Utility VehiHealthy Fast Food Chainle Sales;My First Home;0.664
11.28.2024;Sport Utility VehiHealthy Fast Food Chainle Sales;The Evening Show;0.587
11.28.2024;Sport Utility VehiHealthy Fast Food Chainle Sales;Tonight Tonight;0.077
11.28.2024;Sport Utility VehiHealthy Fast Food Chainle Sales;Late Hours;0.029
11.28.2024;Sport Utility VehiHealthy Fast Food Chainle Sales;Late Hours;0.029
11.28.2024;Sport Utility VehiHealthy Fast Food Chainle Sales;Nightly News Stories;0.247
11.28.2024;Sport Utility VehiHealthy Fast Food Chainle Sales;Nightly News Stories;0.247
11.28.2024;Sport Utility VehiHealthy Fast Food Chainle Sales;Fix and Flip;-0.008
11.28.2024;Sport Utility VehiHealthy Fast Food Chainle Sales;Fix and Flip;-0.008
11.28.2024;Sport Utility VehiHealthy Fast Food Chainle Sales;Portable Homes;0.002
11.28.2024;Sport Utility VehiHealthy Fast Food Chainle Sales;Portable Homes;0.002
11.28.2024;Sport Utility VehiHealthy Fast Food Chainle Sales;Sister Home Sellers;0.222
11.28.2024;Sport Utility VehiHealthy Fast Food Chainle Sales;Sister Home Sellers;0.222
11.28.2024;Sport Utility VehiHealthy Fast Food Chainle Sales;New Gal;-0.193
11.28.2024;Sport Utility VehiHealthy Fast Food Chainle Sales;New Gal;-0.193
11.28.2024;Sport Utility VehiHealthy Fast Food Chainle Sales;Planet Hypothesis;0.291
11.28.2024;Sport Utility VehiHealthy Fast Food Chainle Sales;Planet Hypothesis;0.291
11.28.2024;Sport Utility VehiHealthy Fast Food Chainle Sales;ER Drama;0.592
12.05.2024;Healthy Fast Food Chain;Together Forever;-0.054
12.05.2024;Healthy Fast Food Chain;Waltzing with the Famous;0.427
12.05.2024;Healthy Fast Food Chain;Waltzing with the Famous;0.427
12.05.2024;Healthy Fast Food Chain;Orlando Vice;0.355
12.05.2024;Healthy Fast Food Chain;Orlando Vice;0.355
12.05.2024;Healthy Fast Food Chain;Maui Five Ten;0.422
12.05.2024;Healthy Fast Food Chain;Family Fraud;0.028
12.05.2024;Healthy Fast Food Chain;Nightly News Stories;0.224
12.05.2024;Healthy Fast Food Chain;Nightly News Stories;0.224
12.05.2024;Healthy Fast Food Chain;Fix and Flip;0.021
12.05.2024;Healthy Fast Food Chain;Fix and Flip;0.021
12.05.2024;Healthy Fast Food Chain;Portable Homes;0.067
12.05.2024;Healthy Fast Food Chain;Sister Home Sellers;0.222
12.05.2024;Healthy Fast Food Chain;Sister Home Sellers;0.222
12.05.2024;Healthy Fast Food Chain;Planet Hypothesis;0.337
12.05.2024;Healthy Fast Food Chain;Planet Hypothesis;0.337
12.05.2024;Healthy Fast Food Chain;ER Drama;0.605
12.05.2024;Retail Big Box Store;Together Forever;-0.054
12.05.2024;Retail Big Box Store;Cannot Fool Me;0.202
12.05.2024;Retail Big Box Store;Cannot Fool Me;0.202
12.05.2024;Retail Big Box Store;Orlando Vice;0.355
12.05.2024;Retail Big Box Store;Orlando Vice;0.355
12.05.2024;Retail Big Box Store;Maui Five Ten;0.422
12.05.2024;Retail Big Box Store;Family Fraud;0.028
12.05.2024;Retail Big Box Store;Late Hours;0.083
12.05.2024;Retail Big Box Store;Fix and Flip;0.021
12.05.2024;Retail Big Box Store;Fix and Flip;0.021
12.05.2024;Retail Big Box Store;Portable Homes;0.067
12.05.2024;Retail Big Box Store;Sister Home Sellers;0.222
12.05.2024;Retail Big Box Store;Sister Home Sellers;0.222
12.05.2024;Retail Big Box Store;Planet Hypothesis;0.337
12.05.2024;Sport Utility VehiHealthy Fast Food Chainle Sales;Together Forever;-0.054
12.05.2024;Sport Utility VehiHealthy Fast Food Chainle Sales;Together Forever;-0.054
12.05.2024;Sport Utility VehiHealthy Fast Food Chainle Sales;Waltzing with the Famous;0.427
12.05.2024;Sport Utility VehiHealthy Fast Food Chainle Sales;Waltzing with the Famous;0.427
12.05.2024;Sport Utility VehiHealthy Fast Food Chainle Sales;Cannot Fool Me;0.202
12.05.2024;Sport Utility VehiHealthy Fast Food Chainle Sales;Cannot Fool Me;0.202
12.05.2024;Sport Utility VehiHealthy Fast Food Chainle Sales;Orlando Vice;0.355
12.05.2024;Sport Utility VehiHealthy Fast Food Chainle Sales;Maui Five Ten;0.422
12.05.2024;Sport Utility VehiHealthy Fast Food Chainle Sales;Maui Five Ten;0.422
12.05.2024;Sport Utility VehiHealthy Fast Food Chainle Sales;Rescue Squad;0.518
12.05.2024;Sport Utility VehiHealthy Fast Food Chainle Sales;Rescue Squad;0.518
12.05.2024;Sport Utility VehiHealthy Fast Food Chainle Sales;Family Fraud;0.028
12.05.2024;Sport Utility VehiHealthy Fast Food Chainle Sales;Family Fraud;0.028
12.05.2024;Sport Utility VehiHealthy Fast Food Chainle Sales;I Love Betty;-0.045
12.05.2024;Sport Utility VehiHealthy Fast Food Chainle Sales;I Love Betty;-0.045
12.05.2024;Sport Utility VehiHealthy Fast Food Chainle Sales;Travel the World;0.654
12.05.2024;Sport Utility VehiHealthy Fast Food Chainle Sales;Tonight Tonight;0.082
12.05.2024;Sport Utility VehiHealthy Fast Food Chainle Sales;Tonight Tonight;0.082
12.05.2024;Sport Utility VehiHealthy Fast Food Chainle Sales;Late Hours;0.083
12.05.2024;Sport Utility VehiHealthy Fast Food Chainle Sales;Late Hours;0.083
12.05.2024;Sport Utility VehiHealthy Fast Food Chainle Sales;Nightly News Stories;0.224
12.05.2024;Sport Utility VehiHealthy Fast Food Chainle Sales;Nightly News Stories;0.224
12.05.2024;Sport Utility VehiHealthy Fast Food Chainle Sales;Fix and Flip;0.021
12.05.2024;Sport Utility VehiHealthy Fast Food Chainle Sales;Fix and Flip;0.021
12.05.2024;Sport Utility VehiHealthy Fast Food Chainle Sales;Portable Homes;0.067
12.05.2024;Sport Utility VehiHealthy Fast Food Chainle Sales;Portable Homes;0.067
12.05.2024;Sport Utility VehiHealthy Fast Food Chainle Sales;Sister Home Sellers;0.222
12.05.2024;Sport Utility VehiHealthy Fast Food Chainle Sales;Sister Home Sellers;0.222
12.05.2024;Sport Utility VehiHealthy Fast Food Chainle Sales;Planet Hypothesis;0.337
12.05.2024;Sport Utility VehiHealthy Fast Food Chainle Sales;Planet Hypothesis;0.337
12.05.2024;Sport Utility VehiHealthy Fast Food Chainle Sales;ER Drama;0.605
12.12.2024;Healthy Fast Food Chain;Together Forever;-0.054
12.12.2024;Healthy Fast Food Chain;Waltzing with the Famous;0.427
12.12.2024;Healthy Fast Food Chain;Waltzing with the Famous;0.427
12.12.2024;Healthy Fast Food Chain;Cannot Fool Me;0.202
12.12.2024;Healthy Fast Food Chain;Orlando Vice;0.355
12.12.2024;Healthy Fast Food Chain;Orlando Vice;0.355
12.12.2024;Healthy Fast Food Chain;Maui Five Ten;0.422
12.12.2024;Healthy Fast Food Chain;Maui Five Ten;0.422
12.12.2024;Healthy Fast Food Chain;Family Fraud;0.028
12.12.2024;Healthy Fast Food Chain;I Love Betty;-0.045
12.12.2024;Healthy Fast Food Chain;Nightly News Stories;0.224
12.12.2024;Healthy Fast Food Chain;Nightly News Stories;0.224
12.12.2024;Healthy Fast Food Chain;Fix and Flip;0.021
12.12.2024;Healthy Fast Food Chain;Fix and Flip;0.021
12.12.2024;Healthy Fast Food Chain;Portable Homes;0.067
12.12.2024;Healthy Fast Food Chain;Portable Homes;0.067
12.12.2024;Healthy Fast Food Chain;Sister Home Sellers;0.222
12.12.2024;Healthy Fast Food Chain;Sister Home Sellers;0.222
12.12.2024;Healthy Fast Food Chain;Planet Hypothesis;0.337
12.12.2024;Healthy Fast Food Chain;Planet Hypothesis;0.337
12.12.2024;Healthy Fast Food Chain;ER Drama;0.605
12.12.2024;Healthy Fast Food Chain;ER Drama;0.605
12.12.2024;Home Cleaning Product;I Love Betty;-0.045
12.12.2024;Online Dating Site;Fix and Flip;0.021
12.12.2024;Online Dating Site;Sister Home Sellers;0.222
12.12.2024;Retail Big Box Store;Together Forever;-0.054
12.12.2024;Retail Big Box Store;Cannot Fool Me;0.202
12.12.2024;Retail Big Box Store;Cannot Fool Me;0.202
12.12.2024;Retail Big Box Store;Orlando Vice;0.355
12.12.2024;Retail Big Box Store;Orlando Vice;0.355
12.12.2024;Retail Big Box Store;Maui Five Ten;0.422
12.12.2024;Retail Big Box Store;Maui Five Ten;0.422
12.12.2024;Retail Big Box Store;Family Fraud;0.028
12.12.2024;Retail Big Box Store;Tonight Tonight;0.082
12.12.2024;Retail Big Box Store;Late Hours;0.083
12.12.2024;Retail Big Box Store;Late Hours;0.083
12.12.2024;Retail Big Box Store;Nightly News Stories;0.224
12.12.2024;Retail Big Box Store;Nightly News Stories;0.224
12.12.2024;Retail Big Box Store;Fix and Flip;0.021
12.12.2024;Retail Big Box Store;Fix and Flip;0.021
12.12.2024;Retail Big Box Store;Portable Homes;0.067
12.12.2024;Retail Big Box Store;Sister Home Sellers;0.222
12.12.2024;Retail Big Box Store;Sister Home Sellers;0.222
12.12.2024;Retail Big Box Store;Planet Hypothesis;0.337
12.12.2024;Retail Big Box Store;Planet Hypothesis;0.337
12.12.2024;Sport Utility VehiHealthy Fast Food Chainle Sales;Together Forever;-0.054
12.12.2024;Sport Utility VehiHealthy Fast Food Chainle Sales;Together Forever;-0.054
12.12.2024;Sport Utility VehiHealthy Fast Food Chainle Sales;Waltzing with the Famous;0.427
12.12.2024;Sport Utility VehiHealthy Fast Food Chainle Sales;Waltzing with the Famous;0.427
12.12.2024;Sport Utility VehiHealthy Fast Food Chainle Sales;Cannot Fool Me;0.202
12.12.2024;Sport Utility VehiHealthy Fast Food Chainle Sales;Cannot Fool Me;0.202
12.12.2024;Sport Utility VehiHealthy Fast Food Chainle Sales;Orlando Vice;0.355
12.12.2024;Sport Utility VehiHealthy Fast Food Chainle Sales;Orlando Vice;0.355
12.12.2024;Sport Utility VehiHealthy Fast Food Chainle Sales;Maui Five Ten;0.422
12.12.2024;Sport Utility VehiHealthy Fast Food Chainle Sales;Maui Five Ten;0.422
12.12.2024;Sport Utility VehiHealthy Fast Food Chainle Sales;Rescue Squad;0.518
12.12.2024;Sport Utility VehiHealthy Fast Food Chainle Sales;Rescue Squad;0.518
12.12.2024;Sport Utility VehiHealthy Fast Food Chainle Sales;Family Fraud;0.028
12.12.2024;Sport Utility VehiHealthy Fast Food Chainle Sales;Family Fraud;0.028
12.12.2024;Sport Utility VehiHealthy Fast Food Chainle Sales;I Love Betty;-0.045
12.12.2024;Sport Utility VehiHealthy Fast Food Chainle Sales;I Love Betty;-0.045
12.12.2024;Sport Utility VehiHealthy Fast Food Chainle Sales;Tonight Tonight;0.082
12.12.2024;Sport Utility VehiHealthy Fast Food Chainle Sales;Tonight Tonight;0.082
12.12.2024;Sport Utility VehiHealthy Fast Food Chainle Sales;Late Hours;0.083
12.12.2024;Sport Utility VehiHealthy Fast Food Chainle Sales;Late Hours;0.083
12.12.2024;Sport Utility VehiHealthy Fast Food Chainle Sales;Nightly News Stories;0.224
12.12.2024;Sport Utility VehiHealthy Fast Food Chainle Sales;Nightly News Stories;0.224
12.12.2024;Sport Utility VehiHealthy Fast Food Chainle Sales;Fix and Flip;0.021
12.12.2024;Sport Utility VehiHealthy Fast Food Chainle Sales;Fix and Flip;0.021
12.12.2024;Sport Utility VehiHealthy Fast Food Chainle Sales;Portable Homes;0.067
12.12.2024;Sport Utility VehiHealthy Fast Food Chainle Sales;Portable Homes;0.067
12.12.2024;Sport Utility VehiHealthy Fast Food Chainle Sales;Sister Home Sellers;0.222
12.12.2024;Sport Utility VehiHealthy Fast Food Chainle Sales;Planet Hypothesis;0.337
12.12.2024;Sport Utility VehiHealthy Fast Food Chainle Sales;Planet Hypothesis;0.337
12.12.2024;Sport Utility VehiHealthy Fast Food Chainle Sales;ER Drama;0.605
12.19.2024;Healthy Fast Food Chain;Together Forever;-0.054
12.19.2024;Healthy Fast Food Chain;Waltzing with the Famous;0.427
12.19.2024;Healthy Fast Food Chain;Waltzing with the Famous;0.427
12.19.2024;Healthy Fast Food Chain;Cannot Fool Me;0.202
12.19.2024;Healthy Fast Food Chain;Orlando Vice;0.355
12.19.2024;Healthy Fast Food Chain;Orlando Vice;0.355
12.19.2024;Healthy Fast Food Chain;Maui Five Ten;0.422
12.19.2024;Healthy Fast Food Chain;I Love Betty;-0.045
12.19.2024;Healthy Fast Food Chain;Nightly News Stories;0.224
12.19.2024;Healthy Fast Food Chain;Nightly News Stories;0.224
12.19.2024;Healthy Fast Food Chain;Fix and Flip;0.021
12.19.2024;Healthy Fast Food Chain;Portable Homes;0.067
12.19.2024;Healthy Fast Food Chain;Portable Homes;0.067
12.19.2024;Healthy Fast Food Chain;Sister Home Sellers;0.222
12.19.2024;Healthy Fast Food Chain;Sister Home Sellers;0.222
12.19.2024;Healthy Fast Food Chain;Planet Hypothesis;0.337
12.19.2024;Healthy Fast Food Chain;Planet Hypothesis;0.337
12.19.2024;Home Cleaning Product;Together Forever;-0.054
12.19.2024;Home Cleaning Product;I Love Betty;-0.045
12.19.2024;Home Cleaning Product;Nightly News Stories;0.224
12.19.2024;Retail Big Box Store;Together Forever;-0.054
12.19.2024;Retail Big Box Store;Waltzing with the Famous;0.427
12.19.2024;Retail Big Box Store;Cannot Fool Me;0.202
12.19.2024;Retail Big Box Store;Cannot Fool Me;0.202
12.19.2024;Retail Big Box Store;Orlando Vice;0.355
12.19.2024;Retail Big Box Store;Orlando Vice;0.355
12.19.2024;Retail Big Box Store;Maui Five Ten;0.422
12.19.2024;Retail Big Box Store;Maui Five Ten;0.422
12.19.2024;Retail Big Box Store;Family Fraud;0.028
12.19.2024;Retail Big Box Store;Tonight Tonight;0.082
12.19.2024;Retail Big Box Store;Late Hours;0.083
12.19.2024;Retail Big Box Store;Nightly News Stories;0.224
12.19.2024;Retail Big Box Store;Fix and Flip;0.021
12.19.2024;Retail Big Box Store;Fix and Flip;0.021
12.19.2024;Retail Big Box Store;Portable Homes;0.067
12.19.2024;Retail Big Box Store;Portable Homes;0.067
12.19.2024;Retail Big Box Store;Sister Home Sellers;0.222
12.19.2024;Retail Big Box Store;Sister Home Sellers;0.222
12.19.2024;Retail Big Box Store;Planet Hypothesis;0.337
12.19.2024;Retail Big Box Store;Planet Hypothesis;0.337
12.19.2024;Sport Utility VehiHealthy Fast Food Chainle Sales;Together Forever;-0.054
12.19.2024;Sport Utility VehiHealthy Fast Food Chainle Sales;Together Forever;-0.054
12.19.2024;Sport Utility VehiHealthy Fast Food Chainle Sales;Waltzing with the Famous;0.427
12.19.2024;Sport Utility VehiHealthy Fast Food Chainle Sales;Waltzing with the Famous;0.427
12.19.2024;Sport Utility VehiHealthy Fast Food Chainle Sales;Cannot Fool Me;0.202
12.19.2024;Sport Utility VehiHealthy Fast Food Chainle Sales;Cannot Fool Me;0.202
12.19.2024;Sport Utility VehiHealthy Fast Food Chainle Sales;Orlando Vice;0.355
12.19.2024;Sport Utility VehiHealthy Fast Food Chainle Sales;Maui Five Ten;0.422
12.19.2024;Sport Utility VehiHealthy Fast Food Chainle Sales;Maui Five Ten;0.422
12.19.2024;Sport Utility VehiHealthy Fast Food Chainle Sales;Rescue Squad;0.518
12.19.2024;Sport Utility VehiHealthy Fast Food Chainle Sales;Rescue Squad;0.518
12.19.2024;Sport Utility VehiHealthy Fast Food Chainle Sales;Family Fraud;0.028
12.19.2024;Sport Utility VehiHealthy Fast Food Chainle Sales;Family Fraud;0.028
12.19.2024;Sport Utility VehiHealthy Fast Food Chainle Sales;I Love Betty;-0.045
12.19.2024;Sport Utility VehiHealthy Fast Food Chainle Sales;I Love Betty;-0.045
12.19.2024;Sport Utility VehiHealthy Fast Food Chainle Sales;Tonight Tonight;0.082
12.19.2024;Sport Utility VehiHealthy Fast Food Chainle Sales;Tonight Tonight;0.082
12.19.2024;Sport Utility VehiHealthy Fast Food Chainle Sales;Late Hours;0.083
12.19.2024;Sport Utility VehiHealthy Fast Food Chainle Sales;Late Hours;0.083
12.19.2024;Sport Utility VehiHealthy Fast Food Chainle Sales;Nightly News Stories;0.224
12.19.2024;Sport Utility VehiHealthy Fast Food Chainle Sales;Nightly News Stories;0.224
12.19.2024;Sport Utility VehiHealthy Fast Food Chainle Sales;Fix and Flip;0.021
12.19.2024;Sport Utility VehiHealthy Fast Food Chainle Sales;Fix and Flip;0.021
12.19.2024;Sport Utility VehiHealthy Fast Food Chainle Sales;Portable Homes;0.067
12.19.2024;Sport Utility VehiHealthy Fast Food Chainle Sales;Portable Homes;0.067
12.19.2024;Sport Utility VehiHealthy Fast Food Chainle Sales;Sister Home Sellers;0.222
12.19.2024;Sport Utility VehiHealthy Fast Food Chainle Sales;Sister Home Sellers;0.222
12.19.2024;Sport Utility VehiHealthy Fast Food Chainle Sales;Planet Hypothesis;0.337
12.19.2024;Sport Utility VehiHealthy Fast Food Chainle Sales;Planet Hypothesis;0.337
12.19.2024;Sport Utility VehiHealthy Fast Food Chainle Sales;ER Drama;0.605
12.26.2024;Healthy Fast Food Chain;Nightly News Stories;0.224
12.26.2024;Healthy Fast Food Chain;Sister Home Sellers;0.222
12.26.2024;Home Cleaning Product;I Love Betty;-0.045
12.26.2024;Retail Big Box Store;Cannot Fool Me;0.202
12.26.2024;Retail Big Box Store;Cannot Fool Me;0.202
12.26.2024;Retail Big Box Store;Orlando Vice;0.355
12.26.2024;Retail Big Box Store;Maui Five Ten;0.422
12.26.2024;Retail Big Box Store;Family Fraud;0.028
12.26.2024;Retail Big Box Store;Travel the World;0.654
12.26.2024;Retail Big Box Store;Travel the World;0.654
12.26.2024;Retail Big Box Store;Late Hours;0.083
12.26.2024;Retail Big Box Store;Late Hours;0.083
12.26.2024;Retail Big Box Store;Nightly News Stories;0.224
12.26.2024;Retail Big Box Store;Fix and Flip;0.021
12.26.2024;Retail Big Box Store;Fix and Flip;0.021
12.26.2024;Retail Big Box Store;Portable Homes;0.067
12.26.2024;Retail Big Box Store;Sister Home Sellers;0.222
12.26.2024;Retail Big Box Store;Sister Home Sellers;0.222
12.26.2024;Retail Big Box Store;Planet Hypothesis;0.337
12.26.2024;Retail Big Box Store;Planet Hypothesis;0.337
12.26.2024;Sport Utility VehiHealthy Fast Food Chainle Sales;Together Forever;-0.054
12.26.2024;Sport Utility VehiHealthy Fast Food Chainle Sales;Together Forever;-0.054
12.26.2024;Sport Utility VehiHealthy Fast Food Chainle Sales;Waltzing with the Famous;0.427
12.26.2024;Sport Utility VehiHealthy Fast Food Chainle Sales;Cannot Fool Me;0.202
12.26.2024;Sport Utility VehiHealthy Fast Food Chainle Sales;Cannot Fool Me;0.202
12.26.2024;Sport Utility VehiHealthy Fast Food Chainle Sales;Orlando Vice;0.355
12.26.2024;Sport Utility VehiHealthy Fast Food Chainle Sales;Orlando Vice;0.355
12.26.2024;Sport Utility VehiHealthy Fast Food Chainle Sales;Family Fraud;0.028
12.26.2024;Sport Utility VehiHealthy Fast Food Chainle Sales;I Love Betty;-0.045
12.26.2024;Sport Utility VehiHealthy Fast Food Chainle Sales;Travel the World;0.654
12.26.2024;Sport Utility VehiHealthy Fast Food Chainle Sales;Travel the World;0.654
12.26.2024;Sport Utility VehiHealthy Fast Food Chainle Sales;My First Home;0.73
12.26.2024;Sport Utility VehiHealthy Fast Food Chainle Sales;Late Hours;0.083
12.26.2024;Sport Utility VehiHealthy Fast Food Chainle Sales;Nightly News Stories;0.224
12.26.2024;Sport Utility VehiHealthy Fast Food Chainle Sales;Fix and Flip;0.021
12.26.2024;Sport Utility VehiHealthy Fast Food Chainle Sales;Fix and Flip;0.021
12.26.2024;Sport Utility VehiHealthy Fast Food Chainle Sales;Portable Homes;0.067
12.26.2024;Sport Utility VehiHealthy Fast Food Chainle Sales;Portable Homes;0.067
12.26.2024;Sport Utility VehiHealthy Fast Food Chainle Sales;Sister Home Sellers;0.222
12.26.2024;Sport Utility VehiHealthy Fast Food Chainle Sales;Sister Home Sellers;0.222
12.26.2024;Sport Utility VehiHealthy Fast Food Chainle Sales;Planet Hypothesis;0.337
12.26.2024;Sport Utility VehiHealthy Fast Food Chainle Sales;Planet Hypothesis;0.337
01.02.2025;Healthy Fast Food Chain;Cannot Fool Me;0.202
01.02.2025;Healthy Fast Food Chain;Fix and Flip;0.021
01.02.2025;Healthy Fast Food Chain;Portable Homes;0.067
01.02.2025;Home Cleaning Product;I Love Betty;-0.045
01.02.2025;Popular Soft Drink;Fix and Flip;0.021
01.02.2025;Popular Soft Drink;Sister Home Sellers;0.222
01.02.2025;Retail Big Box Store;Cannot Fool Me;0.202
01.02.2025;Retail Big Box Store;Orlando Vice;0.355
01.02.2025;Retail Big Box Store;Maui Five Ten;0.422
01.02.2025;Retail Big Box Store;Food Fantasy in France;0.288
01.02.2025;Retail Big Box Store;Late Hours;0.083
01.02.2025;Retail Big Box Store;Nightly News Stories;0.224
01.02.2025;Retail Big Box Store;Fix and Flip;0.021
01.02.2025;Sport Utility VehiHealthy Fast Food Chainle Sales;Together Forever;-0.054
01.02.2025;Sport Utility VehiHealthy Fast Food Chainle Sales;Together Forever;-0.054
01.02.2025;Sport Utility VehiHealthy Fast Food Chainle Sales;Waltzing with the Famous;0.427
01.02.2025;Sport Utility VehiHealthy Fast Food Chainle Sales;Cannot Fool Me;0.202
01.02.2025;Sport Utility VehiHealthy Fast Food Chainle Sales;Cannot Fool Me;0.202
01.02.2025;Sport Utility VehiHealthy Fast Food Chainle Sales;Orlando Vice;0.355
01.02.2025;Sport Utility VehiHealthy Fast Food Chainle Sales;Maui Five Ten;0.422
01.02.2025;Sport Utility VehiHealthy Fast Food Chainle Sales;Family Fraud;0.028
01.02.2025;Sport Utility VehiHealthy Fast Food Chainle Sales;I Love Betty;-0.045
01.02.2025;Sport Utility VehiHealthy Fast Food Chainle Sales;I Love Betty;-0.045
01.02.2025;Sport Utility VehiHealthy Fast Food Chainle Sales;Food Fantasy in France;0.288
01.02.2025;Sport Utility VehiHealthy Fast Food Chainle Sales;Late Hours;0.083
01.02.2025;Sport Utility VehiHealthy Fast Food Chainle Sales;Late Hours;0.083
01.02.2025;Sport Utility VehiHealthy Fast Food Chainle Sales;Nightly News Stories;0.224
01.02.2025;Sport Utility VehiHealthy Fast Food Chainle Sales;Nightly News Stories;0.224
01.02.2025;Sport Utility VehiHealthy Fast Food Chainle Sales;Fix and Flip;0.021
01.02.2025;Sport Utility VehiHealthy Fast Food Chainle Sales;Fix and Flip;0.021
01.02.2025;Sport Utility VehiHealthy Fast Food Chainle Sales;Portable Homes;0.067
01.02.2025;Sport Utility VehiHealthy Fast Food Chainle Sales;Portable Homes;0.067
01.02.2025;Sport Utility VehiHealthy Fast Food Chainle Sales;International Villas;0.397
01.02.2025;Sport Utility VehiHealthy Fast Food Chainle Sales;Sister Home Sellers;0.222
01.02.2025;Sport Utility VehiHealthy Fast Food Chainle Sales;Planet Hypothesis;0.337
01.02.2025;Sport Utility VehiHealthy Fast Food Chainle Sales;Planet Hypothesis;0.337
01.09.2025;Healthy Fast Food Chain;Fix and Flip;0.021
01.09.2025;Healthy Fast Food Chain;Portable Homes;0.067
01.09.2025;Home Cleaning Product;I Love Betty;-0.045
01.09.2025;Popular Soft Drink;Fix and Flip;0.021
01.09.2025;Retail Big Box Store;See and Sold;0.561
01.09.2025;Retail Big Box Store;Together Forever;-0.054
01.09.2025;Retail Big Box Store;Cannot Fool Me;0.202
01.09.2025;Retail Big Box Store;Cannot Fool Me;0.202
01.09.2025;Retail Big Box Store;Orlando Vice;0.355
01.09.2025;Retail Big Box Store;Orlando Vice;0.355
01.09.2025;Retail Big Box Store;Maui Five Ten;0.422
01.09.2025;Retail Big Box Store;Maui Five Ten;0.422
01.09.2025;Retail Big Box Store;Family Fraud;0.028
01.09.2025;Retail Big Box Store;Food Fantasy in France;0.288
01.09.2025;Retail Big Box Store;Tonight Tonight;0.082
01.09.2025;Retail Big Box Store;Late Hours;0.083
01.09.2025;Retail Big Box Store;Late Hours;0.083
01.09.2025;Retail Big Box Store;Nightly News Stories;0.224
01.09.2025;Retail Big Box Store;Nightly News Stories;0.224
01.09.2025;Retail Big Box Store;Fix and Flip;0.021
01.09.2025;Retail Big Box Store;Fix and Flip;0.021
01.09.2025;Retail Big Box Store;Portable Homes;0.067
01.09.2025;Retail Big Box Store;Portable Homes;0.067
01.09.2025;Retail Big Box Store;Sister Home Sellers;0.222
01.09.2025;Retail Big Box Store;Sister Home Sellers;0.222
01.09.2025;Retail Big Box Store;Planet Hypothesis;0.337
01.09.2025;Retail Big Box Store;Planet Hypothesis;0.337
01.09.2025;Sport Utility VehiHealthy Fast Food Chainle Sales;See and Sold;0.561
01.09.2025;Sport Utility VehiHealthy Fast Food Chainle Sales;See and Sold;0.561
01.09.2025;Sport Utility VehiHealthy Fast Food Chainle Sales;Together Forever;-0.054
01.09.2025;Sport Utility VehiHealthy Fast Food Chainle Sales;Together Forever;-0.054
01.09.2025;Sport Utility VehiHealthy Fast Food Chainle Sales;Cannot Fool Me;0.202
01.09.2025;Sport Utility VehiHealthy Fast Food Chainle Sales;Cannot Fool Me;0.202
01.09.2025;Sport Utility VehiHealthy Fast Food Chainle Sales;Orlando Vice;0.355
01.09.2025;Sport Utility VehiHealthy Fast Food Chainle Sales;Maui Five Ten;0.422
01.09.2025;Sport Utility VehiHealthy Fast Food Chainle Sales;Family Fraud;0.028
01.09.2025;Sport Utility VehiHealthy Fast Food Chainle Sales;I Love Betty;-0.045
01.09.2025;Sport Utility VehiHealthy Fast Food Chainle Sales;Food Fantasy in France;0.288
01.09.2025;Sport Utility VehiHealthy Fast Food Chainle Sales;Food Fantasy in France;0.288
01.09.2025;Sport Utility VehiHealthy Fast Food Chainle Sales;Tonight Tonight;0.082
01.09.2025;Sport Utility VehiHealthy Fast Food Chainle Sales;Late Hours;0.083
01.09.2025;Sport Utility VehiHealthy Fast Food Chainle Sales;Nightly News Stories;0.224
01.09.2025;Sport Utility VehiHealthy Fast Food Chainle Sales;Fix and Flip;0.021
01.09.2025;Sport Utility VehiHealthy Fast Food Chainle Sales;Fix and Flip;0.021
01.09.2025;Sport Utility VehiHealthy Fast Food Chainle Sales;Portable Homes;0.067
01.09.2025;Sport Utility VehiHealthy Fast Food Chainle Sales;Portable Homes;0.067
01.09.2025;Sport Utility VehiHealthy Fast Food Chainle Sales;International Villas;0.397
01.09.2025;Sport Utility VehiHealthy Fast Food Chainle Sales;International Villas;0.397
01.09.2025;Sport Utility VehiHealthy Fast Food Chainle Sales;Sister Home Sellers;0.222
01.09.2025;Sport Utility VehiHealthy Fast Food Chainle Sales;Sister Home Sellers;0.222
01.09.2025;Sport Utility VehiHealthy Fast Food Chainle Sales;Planet Hypothesis;0.337
01.09.2025;Sport Utility VehiHealthy Fast Food Chainle Sales;ER Drama;0.605
1.16.2025;Healthy Fast Food Chain;Together Forever;-0.054
1.16.2025;Healthy Fast Food Chain;Cannot Fool Me;0.202
1.16.2025;Healthy Fast Food Chain;Rescue Squad;0.518
1.16.2025;Healthy Fast Food Chain;I Love Betty;-0.045
1.16.2025;Healthy Fast Food Chain;Fix and Flip;0.021
1.16.2025;Healthy Fast Food Chain;Fix and Flip;0.021
1.16.2025;Healthy Fast Food Chain;Portable Homes;0.067
1.16.2025;Healthy Fast Food Chain;Portable Homes;0.067
1.16.2025;Healthy Fast Food Chain;Sister Home Sellers;0.222
1.16.2025;Healthy Fast Food Chain;Planet Hypothesis;0.337
1.16.2025;Retail Big Box Store;See and Sold;0.561
1.16.2025;Retail Big Box Store;Cannot Fool Me;0.202
1.16.2025;Retail Big Box Store;Cannot Fool Me;0.202
1.16.2025;Retail Big Box Store;Orlando Vice;0.355
1.16.2025;Retail Big Box Store;Orlando Vice;0.355
1.16.2025;Retail Big Box Store;Maui Five Ten;0.422
1.16.2025;Retail Big Box Store;Maui Five Ten;0.422
1.16.2025;Retail Big Box Store;Family Fraud;0.028
1.16.2025;Retail Big Box Store;Food Fantasy in France;0.288
1.16.2025;Retail Big Box Store;Tonight Tonight;0.082
1.16.2025;Retail Big Box Store;Late Hours;0.083
1.16.2025;Retail Big Box Store;Late Hours;0.083
1.16.2025;Retail Big Box Store;Nightly News Stories;0.224
1.16.2025;Retail Big Box Store;Fix and Flip;0.021
1.16.2025;Retail Big Box Store;Fix and Flip;0.021
1.16.2025;Retail Big Box Store;Portable Homes;0.067
1.16.2025;Retail Big Box Store;Portable Homes;0.067
1.16.2025;Retail Big Box Store;Sister Home Sellers;0.222
1.16.2025;Retail Big Box Store;Sister Home Sellers;0.222
1.16.2025;Retail Big Box Store;Planet Hypothesis;0.337
1.16.2025;Retail Big Box Store;Planet Hypothesis;0.337
1.16.2025;Sport Utility VehiHealthy Fast Food Chainle Sales;See and Sold;0.561
1.16.2025;Sport Utility VehiHealthy Fast Food Chainle Sales;Together Forever;-0.054
1.16.2025;Sport Utility VehiHealthy Fast Food Chainle Sales;Waltzing with the Famous;0.427
1.16.2025;Sport Utility VehiHealthy Fast Food Chainle Sales;Waltzing with the Famous;0.427
1.16.2025;Sport Utility VehiHealthy Fast Food Chainle Sales;Cannot Fool Me;0.202
1.16.2025;Sport Utility VehiHealthy Fast Food Chainle Sales;Cannot Fool Me;0.202
1.16.2025;Sport Utility VehiHealthy Fast Food Chainle Sales;Orlando Vice;0.355
1.16.2025;Sport Utility VehiHealthy Fast Food Chainle Sales;Maui Five Ten;0.422
1.16.2025;Sport Utility VehiHealthy Fast Food Chainle Sales;Rescue Squad;0.518
1.16.2025;Sport Utility VehiHealthy Fast Food Chainle Sales;Family Fraud;0.028
1.16.2025;Sport Utility VehiHealthy Fast Food Chainle Sales;I Love Betty;-0.045
1.16.2025;Sport Utility VehiHealthy Fast Food Chainle Sales;Food Fantasy in France;0.288
1.16.2025;Sport Utility VehiHealthy Fast Food Chainle Sales;Tonight Tonight;0.082
1.16.2025;Sport Utility VehiHealthy Fast Food Chainle Sales;Tonight Tonight;0.082
1.16.2025;Sport Utility VehiHealthy Fast Food Chainle Sales;Nightly News Stories;0.224
1.16.2025;Sport Utility VehiHealthy Fast Food Chainle Sales;Fix and Flip;0.021
1.16.2025;Sport Utility VehiHealthy Fast Food Chainle Sales;Fix and Flip;0.021
1.16.2025;Sport Utility VehiHealthy Fast Food Chainle Sales;Portable Homes;0.067
1.16.2025;Sport Utility VehiHealthy Fast Food Chainle Sales;Portable Homes;0.067
1.16.2025;Sport Utility VehiHealthy Fast Food Chainle Sales;International Villas;0.397
1.16.2025;Sport Utility VehiHealthy Fast Food Chainle Sales;International Villas;0.397
1.16.2025;Sport Utility VehiHealthy Fast Food Chainle Sales;Sister Home Sellers;0.222
1.16.2025;Sport Utility VehiHealthy Fast Food Chainle Sales;Sister Home Sellers;0.222
1.16.2025;Sport Utility VehiHealthy Fast Food Chainle Sales;Planet Hypothesis;0.337
1.23.2025;Healthy Fast Food Chain;Together Forever;-0.054
1.23.2025;Healthy Fast Food Chain;Orlando Vice;0.355
1.23.2025;Healthy Fast Food Chain;Maui Five Ten;0.422
1.23.2025;Healthy Fast Food Chain;Rescue Squad;0.518
1.23.2025;Healthy Fast Food Chain;Family Fraud;0.028
1.23.2025;Healthy Fast Food Chain;I Love Betty;-0.045
1.23.2025;Healthy Fast Food Chain;Fix and Flip;0.021
1.23.2025;Healthy Fast Food Chain;Fix and Flip;0.021
1.23.2025;Healthy Fast Food Chain;Portable Homes;0.067
1.23.2025;Healthy Fast Food Chain;Sister Home Sellers;0.222
1.23.2025;Healthy Fast Food Chain;Planet Hypothesis;0.337
1.23.2025;Popular Soft Drink;Fix and Flip;0.021
1.23.2025;Retail Big Box Store;See and Sold;0.561
1.23.2025;Retail Big Box Store;See and Sold;0.561
1.23.2025;Retail Big Box Store;Together Forever;-0.054
1.23.2025;Retail Big Box Store;Waltzing with the Famous;0.427
1.23.2025;Retail Big Box Store;Cannot Fool Me;0.202
1.23.2025;Retail Big Box Store;Cannot Fool Me;0.202
1.23.2025;Retail Big Box Store;Orlando Vice;0.355
1.23.2025;Retail Big Box Store;Orlando Vice;0.355
1.23.2025;Retail Big Box Store;Maui Five Ten;0.422
1.23.2025;Retail Big Box Store;Maui Five Ten;0.422
1.23.2025;Retail Big Box Store;Family Fraud;0.028
1.23.2025;Retail Big Box Store;Food Fantasy in France;0.288
1.23.2025;Retail Big Box Store;Weird Flavors;0.472
1.23.2025;Retail Big Box Store;Tonight Tonight;0.082
1.23.2025;Retail Big Box Store;Late Hours;0.083
1.23.2025;Retail Big Box Store;Late Hours;0.083
1.23.2025;Retail Big Box Store;Nightly News Stories;0.224
1.23.2025;Retail Big Box Store;Fix and Flip;0.021
1.23.2025;Retail Big Box Store;Fix and Flip;0.021
1.23.2025;Retail Big Box Store;Portable Homes;0.067
1.23.2025;Retail Big Box Store;Portable Homes;0.067
1.23.2025;Retail Big Box Store;Sister Home Sellers;0.222
1.23.2025;Retail Big Box Store;Sister Home Sellers;0.222
1.23.2025;Retail Big Box Store;Planet Hypothesis;0.337
1.23.2025;Retail Big Box Store;Planet Hypothesis;0.337
1.23.2025;Sport Utility VehiHealthy Fast Food Chainle Sales;See and Sold;0.561
1.23.2025;Sport Utility VehiHealthy Fast Food Chainle Sales;Together Forever;-0.054
1.23.2025;Sport Utility VehiHealthy Fast Food Chainle Sales;Together Forever;-0.054
1.23.2025;Sport Utility VehiHealthy Fast Food Chainle Sales;Waltzing with the Famous;0.427
1.23.2025;Sport Utility VehiHealthy Fast Food Chainle Sales;Waltzing with the Famous;0.427
1.23.2025;Sport Utility VehiHealthy Fast Food Chainle Sales;Cannot Fool Me;0.202
1.23.2025;Sport Utility VehiHealthy Fast Food Chainle Sales;Cannot Fool Me;0.202
1.23.2025;Sport Utility VehiHealthy Fast Food Chainle Sales;Orlando Vice;0.355
1.23.2025;Sport Utility VehiHealthy Fast Food Chainle Sales;Orlando Vice;0.355
1.23.2025;Sport Utility VehiHealthy Fast Food Chainle Sales;Maui Five Ten;0.422
1.23.2025;Sport Utility VehiHealthy Fast Food Chainle Sales;Maui Five Ten;0.422
1.23.2025;Sport Utility VehiHealthy Fast Food Chainle Sales;Rescue Squad;0.518
1.23.2025;Sport Utility VehiHealthy Fast Food Chainle Sales;Rescue Squad;0.518
1.23.2025;Sport Utility VehiHealthy Fast Food Chainle Sales;Family Fraud;0.028
1.23.2025;Sport Utility VehiHealthy Fast Food Chainle Sales;I Love Betty;-0.045
1.23.2025;Sport Utility VehiHealthy Fast Food Chainle Sales;I Love Betty;-0.045
1.23.2025;Sport Utility VehiHealthy Fast Food Chainle Sales;Weird Flavors;0.472
1.23.2025;Sport Utility VehiHealthy Fast Food Chainle Sales;Weird Flavors;0.472
1.23.2025;Sport Utility VehiHealthy Fast Food Chainle Sales;Tonight Tonight;0.082
1.23.2025;Sport Utility VehiHealthy Fast Food Chainle Sales;Tonight Tonight;0.082
1.23.2025;Sport Utility VehiHealthy Fast Food Chainle Sales;Late Hours;0.083
1.23.2025;Sport Utility VehiHealthy Fast Food Chainle Sales;Late Hours;0.083
1.23.2025;Sport Utility VehiHealthy Fast Food Chainle Sales;Nightly News Stories;0.224
1.23.2025;Sport Utility VehiHealthy Fast Food Chainle Sales;Nightly News Stories;0.224
1.23.2025;Sport Utility VehiHealthy Fast Food Chainle Sales;Fix and Flip;0.021
1.23.2025;Sport Utility VehiHealthy Fast Food Chainle Sales;Fix and Flip;0.021
1.23.2025;Sport Utility VehiHealthy Fast Food Chainle Sales;Portable Homes;0.067
1.23.2025;Sport Utility VehiHealthy Fast Food Chainle Sales;Portable Homes;0.067
1.23.2025;Sport Utility VehiHealthy Fast Food Chainle Sales;International Villas;0.397
1.23.2025;Sport Utility VehiHealthy Fast Food Chainle Sales;International Villas;0.397
1.23.2025;Sport Utility VehiHealthy Fast Food Chainle Sales;Sister Home Sellers;0.222
1.23.2025;Sport Utility VehiHealthy Fast Food Chainle Sales;Sister Home Sellers;0.222
1.23.2025;Sport Utility VehiHealthy Fast Food Chainle Sales;Planet Hypothesis;0.337
1.30.2025;Healthy Fast Food Chain;Together Forever;-0.054
1.30.2025;Healthy Fast Food Chain;Waltzing with the Famous;0.427
1.30.2025;Healthy Fast Food Chain;Orlando Vice;0.355
1.30.2025;Healthy Fast Food Chain;Maui Five Ten;0.422
1.30.2025;Healthy Fast Food Chain;Rescue Squad;0.518
1.30.2025;Healthy Fast Food Chain;Family Fraud;0.028
1.30.2025;Healthy Fast Food Chain;I Love Betty;-0.045
1.30.2025;Healthy Fast Food Chain;My First Home;0.73
1.30.2025;Healthy Fast Food Chain;Nightly News Stories;0.224
1.30.2025;Healthy Fast Food Chain;Fix and Flip;0.021
1.30.2025;Healthy Fast Food Chain;Portable Homes;0.067
1.30.2025;Healthy Fast Food Chain;Sister Home Sellers;0.222
1.30.2025;Healthy Fast Food Chain;Planet Hypothesis;0.337
1.30.2025;Healthy Fast Food Chain;ER Drama;0.605
1.30.2025;Home Cleaning Product;Waltzing with the Famous;0.427
1.30.2025;Home Cleaning Product;Orlando Vice;0.355
1.30.2025;Home Cleaning Product;Maui Five Ten;0.422
1.30.2025;Home Cleaning Product;Late Hours;0.083
1.30.2025;Home Cleaning Product;Nightly News Stories;0.224
1.30.2025;Home Cleaning Product;Fix and Flip;0.021
1.30.2025;Home Cleaning Product;Planet Hypothesis;0.337
1.30.2025;Popular Soft Drink;Fix and Flip;0.021
1.30.2025;Retail Big Box Store;See and Sold;0.561
1.30.2025;Retail Big Box Store;Waltzing with the Famous;0.427
1.30.2025;Retail Big Box Store;Cannot Fool Me;0.202
1.30.2025;Retail Big Box Store;Orlando Vice;0.355
1.30.2025;Retail Big Box Store;Maui Five Ten;0.422
1.30.2025;Retail Big Box Store;Rescue Squad;0.518
1.30.2025;Retail Big Box Store;My First Home;0.73
1.30.2025;Retail Big Box Store;Food Fantasy in France;0.288
1.30.2025;Retail Big Box Store;Late Hours;0.083
1.30.2025;Retail Big Box Store;Nightly News Stories;0.224
1.30.2025;Retail Big Box Store;Fix and Flip;0.021
1.30.2025;Retail Big Box Store;Planet Hypothesis;0.337
1.30.2025;Sport Utility VehiHealthy Fast Food Chainle Sales;See and Sold;0.561
1.30.2025;Sport Utility VehiHealthy Fast Food Chainle Sales;Together Forever;-0.054
1.30.2025;Sport Utility VehiHealthy Fast Food Chainle Sales;Together Forever;-0.054
1.30.2025;Sport Utility VehiHealthy Fast Food Chainle Sales;Waltzing with the Famous;0.427
1.30.2025;Sport Utility VehiHealthy Fast Food Chainle Sales;Waltzing with the Famous;0.427
1.30.2025;Sport Utility VehiHealthy Fast Food Chainle Sales;Cannot Fool Me;0.202
1.30.2025;Sport Utility VehiHealthy Fast Food Chainle Sales;Cannot Fool Me;0.202
1.30.2025;Sport Utility VehiHealthy Fast Food Chainle Sales;Orlando Vice;0.355
1.30.2025;Sport Utility VehiHealthy Fast Food Chainle Sales;Orlando Vice;0.355
1.30.2025;Sport Utility VehiHealthy Fast Food Chainle Sales;Maui Five Ten;0.422
1.30.2025;Sport Utility VehiHealthy Fast Food Chainle Sales;Rescue Squad;0.518
1.30.2025;Sport Utility VehiHealthy Fast Food Chainle Sales;Rescue Squad;0.518
1.30.2025;Sport Utility VehiHealthy Fast Food Chainle Sales;Family Fraud;0.028
1.30.2025;Sport Utility VehiHealthy Fast Food Chainle Sales;I Love Betty;-0.045
1.30.2025;Sport Utility VehiHealthy Fast Food Chainle Sales;I Love Betty;-0.045
1.30.2025;Sport Utility VehiHealthy Fast Food Chainle Sales;My First Home;0.73
1.30.2025;Sport Utility VehiHealthy Fast Food Chainle Sales;My First Home;0.73
1.30.2025;Sport Utility VehiHealthy Fast Food Chainle Sales;Food Fantasy in France;0.288
1.30.2025;Sport Utility VehiHealthy Fast Food Chainle Sales;Weird Flavors;0.472
1.30.2025;Sport Utility VehiHealthy Fast Food Chainle Sales;Tonight Tonight;0.082
1.30.2025;Sport Utility VehiHealthy Fast Food Chainle Sales;Tonight Tonight;0.082
1.30.2025;Sport Utility VehiHealthy Fast Food Chainle Sales;Late Hours;0.083
1.30.2025;Sport Utility VehiHealthy Fast Food Chainle Sales;Nightly News Stories;0.224
1.30.2025;Sport Utility VehiHealthy Fast Food Chainle Sales;Fix and Flip;0.021
1.30.2025;Sport Utility VehiHealthy Fast Food Chainle Sales;Fix and Flip;0.021
1.30.2025;Sport Utility VehiHealthy Fast Food Chainle Sales;Portable Homes;0.067
1.30.2025;Sport Utility VehiHealthy Fast Food Chainle Sales;Portable Homes;0.067
1.30.2025;Sport Utility VehiHealthy Fast Food Chainle Sales;International Villas;0.397
1.30.2025;Sport Utility VehiHealthy Fast Food Chainle Sales;Sister Home Sellers;0.222
1.30.2025;Sport Utility VehiHealthy Fast Food Chainle Sales;Sister Home Sellers;0.222
1.30.2025;Sport Utility VehiHealthy Fast Food Chainle Sales;Planet Hypothesis;0.337
1.30.2025;Sport Utility VehiHealthy Fast Food Chainle Sales;ER Drama;0.605
02.06.2025;Healthy Fast Food Chain;Together Forever;-0.054
02.06.2025;Healthy Fast Food Chain;Waltzing with the Famous;0.427
02.06.2025;Healthy Fast Food Chain;Maui Five Ten;0.422
02.06.2025;Healthy Fast Food Chain;Rescue Squad;0.518
02.06.2025;Healthy Fast Food Chain;Family Fraud;0.028
02.06.2025;Healthy Fast Food Chain;I Love Betty;-0.045
02.06.2025;Healthy Fast Food Chain;My First Home;0.73
02.06.2025;Healthy Fast Food Chain;The Young and the Reckless;0.101
02.06.2025;Healthy Fast Food Chain;Nightly News Stories;0.224
02.06.2025;Healthy Fast Food Chain;Fix and Flip;0.021
02.06.2025;Healthy Fast Food Chain;Portable Homes;0.067
02.06.2025;Healthy Fast Food Chain;Sister Home Sellers;0.222
02.06.2025;Healthy Fast Food Chain;Planet Hypothesis;0.337
02.06.2025;Home Cleaning Product;Orlando Vice;0.355
02.06.2025;Home Cleaning Product;Neighborhood Patrol;0.511
02.06.2025;Home Cleaning Product;Late Hours;0.083
02.06.2025;Home Cleaning Product;Nightly News Stories;0.224
02.06.2025;Home Cleaning Product;Fix and Flip;0.021
02.06.2025;Home Cleaning Product;Planet Hypothesis;0.337
02.06.2025;Popular Soft Drink;Fix and Flip;0.021
02.06.2025;Retail Big Box Store;See and Sold;0.561
02.06.2025;Retail Big Box Store;Together Forever;-0.054
02.06.2025;Retail Big Box Store;Waltzing with the Famous;0.427
02.06.2025;Retail Big Box Store;Cannot Fool Me;0.202
02.06.2025;Retail Big Box Store;Cannot Fool Me;0.202
02.06.2025;Retail Big Box Store;Orlando Vice;0.355
02.06.2025;Retail Big Box Store;Orlando Vice;0.355
02.06.2025;Retail Big Box Store;Maui Five Ten;0.422
02.06.2025;Retail Big Box Store;Neighborhood Patrol;0.511
02.06.2025;Retail Big Box Store;Family Fraud;0.028
02.06.2025;Retail Big Box Store;My First Home;0.73
02.06.2025;Retail Big Box Store;The Young and the Reckless;0.101
02.06.2025;Retail Big Box Store;The Young and the Reckless;0.101
02.06.2025;Retail Big Box Store;Tonight Tonight;0.082
02.06.2025;Retail Big Box Store;Late Hours;0.083
02.06.2025;Retail Big Box Store;Late Hours;0.083
02.06.2025;Retail Big Box Store;Nightly News Stories;0.224
02.06.2025;Retail Big Box Store;Fix and Flip;0.021
02.06.2025;Retail Big Box Store;Fix and Flip;0.021
02.06.2025;Retail Big Box Store;Portable Homes;0.067
02.06.2025;Retail Big Box Store;Portable Homes;0.067
02.06.2025;Retail Big Box Store;Sister Home Sellers;0.222
02.06.2025;Retail Big Box Store;Sister Home Sellers;0.222
02.06.2025;Retail Big Box Store;Planet Hypothesis;0.337
02.06.2025;Retail Big Box Store;Planet Hypothesis;0.337
02.06.2025;Retail Big Box Store;ER Drama;0.605
02.06.2025;Retail Big Box Store;ER Drama;0.605
02.06.2025;Sport Utility VehiHealthy Fast Food Chainle Sales;See and Sold;0.561
02.06.2025;Sport Utility VehiHealthy Fast Food Chainle Sales;See and Sold;0.561
02.06.2025;Sport Utility VehiHealthy Fast Food Chainle Sales;Together Forever;-0.054
02.06.2025;Sport Utility VehiHealthy Fast Food Chainle Sales;Together Forever;-0.054
02.06.2025;Sport Utility VehiHealthy Fast Food Chainle Sales;Waltzing with the Famous;0.427
02.06.2025;Sport Utility VehiHealthy Fast Food Chainle Sales;Cannot Fool Me;0.202
02.06.2025;Sport Utility VehiHealthy Fast Food Chainle Sales;Orlando Vice;0.355
02.06.2025;Sport Utility VehiHealthy Fast Food Chainle Sales;Maui Five Ten;0.422
02.06.2025;Sport Utility VehiHealthy Fast Food Chainle Sales;Maui Five Ten;0.422
02.06.2025;Sport Utility VehiHealthy Fast Food Chainle Sales;Rescue Squad;0.518
02.06.2025;Sport Utility VehiHealthy Fast Food Chainle Sales;Rescue Squad;0.518
02.06.2025;Sport Utility VehiHealthy Fast Food Chainle Sales;Neighborhood Patrol;0.511
02.06.2025;Sport Utility VehiHealthy Fast Food Chainle Sales;Family Fraud;0.028
02.06.2025;Sport Utility VehiHealthy Fast Food Chainle Sales;I Love Betty;-0.045
02.06.2025;Sport Utility VehiHealthy Fast Food Chainle Sales;I Love Betty;-0.045
02.06.2025;Sport Utility VehiHealthy Fast Food Chainle Sales;My First Home;0.73
02.06.2025;Sport Utility VehiHealthy Fast Food Chainle Sales;The Young and the Reckless;0.101
02.06.2025;Sport Utility VehiHealthy Fast Food Chainle Sales;The Young and the Reckless;0.101
02.06.2025;Sport Utility VehiHealthy Fast Food Chainle Sales;Tonight Tonight;0.082
02.06.2025;Sport Utility VehiHealthy Fast Food Chainle Sales;Tonight Tonight;0.082
02.06.2025;Sport Utility VehiHealthy Fast Food Chainle Sales;Late Hours;0.083
02.06.2025;Sport Utility VehiHealthy Fast Food Chainle Sales;Nightly News Stories;0.224
02.06.2025;Sport Utility VehiHealthy Fast Food Chainle Sales;Fix and Flip;0.021
02.06.2025;Sport Utility VehiHealthy Fast Food Chainle Sales;Fix and Flip;0.021
02.06.2025;Sport Utility VehiHealthy Fast Food Chainle Sales;Portable Homes;0.067
02.06.2025;Sport Utility VehiHealthy Fast Food Chainle Sales;Portable Homes;0.067
02.06.2025;Sport Utility VehiHealthy Fast Food Chainle Sales;International Villas;0.397
02.06.2025;Sport Utility VehiHealthy Fast Food Chainle Sales;Sister Home Sellers;0.222
02.06.2025;Sport Utility VehiHealthy Fast Food Chainle Sales;Sister Home Sellers;0.222
02.06.2025;Sport Utility VehiHealthy Fast Food Chainle Sales;Planet Hypothesis;0.337
02.06.2025;Sport Utility VehiHealthy Fast Food Chainle Sales;ER Drama;0.605
2.13.2025;Healthy Fast Food Chain;See and Sold;0.561
2.13.2025;Healthy Fast Food Chain;Waltzing with the Famous;0.427
2.13.2025;Healthy Fast Food Chain;Cannot Fool Me;0.202
2.13.2025;Healthy Fast Food Chain;Orlando Vice;0.355
2.13.2025;Healthy Fast Food Chain;Maui Five Ten;0.422
2.13.2025;Healthy Fast Food Chain;Neighborhood Patrol;0.511
2.13.2025;Healthy Fast Food Chain;Family Fraud;0.028
2.13.2025;Healthy Fast Food Chain;I Love Betty;-0.045
2.13.2025;Healthy Fast Food Chain;Nightly News Stories;0.224
2.13.2025;Healthy Fast Food Chain;Fix and Flip;0.021
2.13.2025;Healthy Fast Food Chain;Fix and Flip;0.021
2.13.2025;Healthy Fast Food Chain;Portable Homes;0.067
2.13.2025;Healthy Fast Food Chain;Portable Homes;0.067
2.13.2025;Healthy Fast Food Chain;Sister Home Sellers;0.222
2.13.2025;Healthy Fast Food Chain;Planet Hypothesis;0.337
2.13.2025;Healthy Fast Food Chain;ER Drama;0.605
2.13.2025;Healthy Fast Food Chain;ER Drama;0.605
2.13.2025;Home Cleaning Product;Together Forever;-0.054
2.13.2025;Home Cleaning Product;Late Hours;0.083
2.13.2025;Home Cleaning Product;Nightly News Stories;0.224
2.13.2025;Home Cleaning Product;Fix and Flip;0.021
2.13.2025;Home Cleaning Product;Planet Hypothesis;0.337
2.13.2025;Home Cleaning Product;Planet Hypothesis;0.337
2.13.2025;Home Cleaning Product;ER Drama;0.605
2.13.2025;Retail Big Box Store;See and Sold;0.561
2.13.2025;Retail Big Box Store;Together Forever;-0.054
2.13.2025;Retail Big Box Store;Cannot Fool Me;0.202
2.13.2025;Retail Big Box Store;Cannot Fool Me;0.202
2.13.2025;Retail Big Box Store;Orlando Vice;0.355
2.13.2025;Retail Big Box Store;Orlando Vice;0.355
2.13.2025;Retail Big Box Store;Maui Five Ten;0.422
2.13.2025;Retail Big Box Store;Maui Five Ten;0.422
2.13.2025;Retail Big Box Store;Family Fraud;0.028
2.13.2025;Retail Big Box Store;My First Home;0.73
2.13.2025;Retail Big Box Store;Food Fantasy in France;0.288
2.13.2025;Retail Big Box Store;Tonight Tonight;0.082
2.13.2025;Retail Big Box Store;Late Hours;0.083
2.13.2025;Retail Big Box Store;Nightly News Stories;0.224
2.13.2025;Retail Big Box Store;Nightly News Stories;0.224
2.13.2025;Retail Big Box Store;Fix and Flip;0.021
2.13.2025;Retail Big Box Store;Fix and Flip;0.021
2.13.2025;Retail Big Box Store;Portable Homes;0.067
2.13.2025;Retail Big Box Store;Sister Home Sellers;0.222
2.13.2025;Retail Big Box Store;Sister Home Sellers;0.222
2.13.2025;Retail Big Box Store;Planet Hypothesis;0.337
2.13.2025;Retail Big Box Store;ER Drama;0.605
2.13.2025;Sport Utility VehiHealthy Fast Food Chainle Sales;See and Sold;0.561
2.13.2025;Sport Utility VehiHealthy Fast Food Chainle Sales;See and Sold;0.561
2.13.2025;Sport Utility VehiHealthy Fast Food Chainle Sales;Together Forever;-0.054
2.13.2025;Sport Utility VehiHealthy Fast Food Chainle Sales;Together Forever;-0.054
2.13.2025;Sport Utility VehiHealthy Fast Food Chainle Sales;Waltzing with the Famous;0.427
2.13.2025;Sport Utility VehiHealthy Fast Food Chainle Sales;Cannot Fool Me;0.202
2.13.2025;Sport Utility VehiHealthy Fast Food Chainle Sales;Cannot Fool Me;0.202
2.13.2025;Sport Utility VehiHealthy Fast Food Chainle Sales;Orlando Vice;0.355
2.13.2025;Sport Utility VehiHealthy Fast Food Chainle Sales;Orlando Vice;0.355
2.13.2025;Sport Utility VehiHealthy Fast Food Chainle Sales;Maui Five Ten;0.422
2.13.2025;Sport Utility VehiHealthy Fast Food Chainle Sales;Maui Five Ten;0.422
2.13.2025;Sport Utility VehiHealthy Fast Food Chainle Sales;Rescue Squad;0.518
2.13.2025;Sport Utility VehiHealthy Fast Food Chainle Sales;Rescue Squad;0.518
2.13.2025;Sport Utility VehiHealthy Fast Food Chainle Sales;Neighborhood Patrol;0.511
2.13.2025;Sport Utility VehiHealthy Fast Food Chainle Sales;Family Fraud;0.028
2.13.2025;Sport Utility VehiHealthy Fast Food Chainle Sales;Family Fraud;0.028
2.13.2025;Sport Utility VehiHealthy Fast Food Chainle Sales;I Love Betty;-0.045
2.13.2025;Sport Utility VehiHealthy Fast Food Chainle Sales;I Love Betty;-0.045
2.13.2025;Sport Utility VehiHealthy Fast Food Chainle Sales;My First Home;0.73
2.13.2025;Sport Utility VehiHealthy Fast Food Chainle Sales;Food Fantasy in France;0.288
2.13.2025;Sport Utility VehiHealthy Fast Food Chainle Sales;Tonight Tonight;0.082
2.13.2025;Sport Utility VehiHealthy Fast Food Chainle Sales;Tonight Tonight;0.082
2.13.2025;Sport Utility VehiHealthy Fast Food Chainle Sales;Late Hours;0.083
2.13.2025;Sport Utility VehiHealthy Fast Food Chainle Sales;Nightly News Stories;0.224
2.13.2025;Sport Utility VehiHealthy Fast Food Chainle Sales;Fix and Flip;0.021
2.13.2025;Sport Utility VehiHealthy Fast Food Chainle Sales;Fix and Flip;0.021
2.13.2025;Sport Utility VehiHealthy Fast Food Chainle Sales;Portable Homes;0.067
2.13.2025;Sport Utility VehiHealthy Fast Food Chainle Sales;Portable Homes;0.067
2.13.2025;Sport Utility VehiHealthy Fast Food Chainle Sales;International Villas;0.397
2.13.2025;Sport Utility VehiHealthy Fast Food Chainle Sales;Sister Home Sellers;0.222
2.13.2025;Sport Utility VehiHealthy Fast Food Chainle Sales;Sister Home Sellers;0.222
2.13.2025;Sport Utility VehiHealthy Fast Food Chainle Sales;Planet Hypothesis;0.337
2.13.2025;Sport Utility VehiHealthy Fast Food Chainle Sales;Planet Hypothesis;0.337
2.13.2025;Sport Utility VehiHealthy Fast Food Chainle Sales;ER Drama;0.605
2.20.2025;Healthy Fast Food Chain;Waltzing with the Famous;0.427
2.20.2025;Healthy Fast Food Chain;Cannot Fool Me;0.202
2.20.2025;Healthy Fast Food Chain;Maui Five Ten;0.422
2.20.2025;Healthy Fast Food Chain;Rescue Squad;0.518
2.20.2025;Healthy Fast Food Chain;Family Fraud;0.028
2.20.2025;Healthy Fast Food Chain;I Love Betty;-0.045
2.20.2025;Healthy Fast Food Chain;Food Fantasy in France;0.288
2.20.2025;Healthy Fast Food Chain;Nightly News Stories;0.224
2.20.2025;Healthy Fast Food Chain;Fix and Flip;0.021
2.20.2025;Healthy Fast Food Chain;Fix and Flip;0.021
2.20.2025;Healthy Fast Food Chain;Portable Homes;0.067
2.20.2025;Healthy Fast Food Chain;Sister Home Sellers;0.222
2.20.2025;Healthy Fast Food Chain;Planet Hypothesis;0.337
2.20.2025;Healthy Fast Food Chain;ER Drama;0.605
2.20.2025;Home Cleaning Product;Waltzing with the Famous;0.427
2.20.2025;Home Cleaning Product;Maui Five Ten;0.422
2.20.2025;Home Cleaning Product;Nightly News Stories;0.224
2.20.2025;Home Cleaning Product;Fix and Flip;0.021
2.20.2025;Retail Big Box Store;Together Forever;-0.054
2.20.2025;Retail Big Box Store;Waltzing with the Famous;0.427
2.20.2025;Retail Big Box Store;Cannot Fool Me;0.202
2.20.2025;Retail Big Box Store;Cannot Fool Me;0.202
2.20.2025;Retail Big Box Store;Orlando Vice;0.355
2.20.2025;Retail Big Box Store;Maui Five Ten;0.422
2.20.2025;Retail Big Box Store;Maui Five Ten;0.422
2.20.2025;Retail Big Box Store;Family Fraud;0.028
2.20.2025;Retail Big Box Store;My First Home;0.73
2.20.2025;Retail Big Box Store;Food Fantasy in France;0.288
2.20.2025;Retail Big Box Store;Weird Flavors;0.472
2.20.2025;Retail Big Box Store;Tonight Tonight;0.082
2.20.2025;Retail Big Box Store;Late Hours;0.083
2.20.2025;Retail Big Box Store;Late Hours;0.083
2.20.2025;Retail Big Box Store;Nightly News Stories;0.224
2.20.2025;Retail Big Box Store;Nightly News Stories;0.224
2.20.2025;Retail Big Box Store;Fix and Flip;0.021
2.20.2025;Retail Big Box Store;Fix and Flip;0.021
2.20.2025;Retail Big Box Store;Portable Homes;0.067
2.20.2025;Retail Big Box Store;Portable Homes;0.067
2.20.2025;Retail Big Box Store;Sister Home Sellers;0.222
2.20.2025;Retail Big Box Store;Sister Home Sellers;0.222
2.20.2025;Retail Big Box Store;Planet Hypothesis;0.337
2.20.2025;Retail Big Box Store;Planet Hypothesis;0.337
2.20.2025;Sport Utility VehiHealthy Fast Food Chainle Sales;See and Sold;0.561
2.20.2025;Sport Utility VehiHealthy Fast Food Chainle Sales;See and Sold;0.561
2.20.2025;Sport Utility VehiHealthy Fast Food Chainle Sales;Together Forever;-0.054
2.20.2025;Sport Utility VehiHealthy Fast Food Chainle Sales;Together Forever;-0.054
2.20.2025;Sport Utility VehiHealthy Fast Food Chainle Sales;Waltzing with the Famous;0.427
2.20.2025;Sport Utility VehiHealthy Fast Food Chainle Sales;Cannot Fool Me;0.202
2.20.2025;Sport Utility VehiHealthy Fast Food Chainle Sales;Cannot Fool Me;0.202
2.20.2025;Sport Utility VehiHealthy Fast Food Chainle Sales;Orlando Vice;0.355
2.20.2025;Sport Utility VehiHealthy Fast Food Chainle Sales;Orlando Vice;0.355
2.20.2025;Sport Utility VehiHealthy Fast Food Chainle Sales;Maui Five Ten;0.422
2.20.2025;Sport Utility VehiHealthy Fast Food Chainle Sales;Rescue Squad;0.518
2.20.2025;Sport Utility VehiHealthy Fast Food Chainle Sales;Rescue Squad;0.518
2.20.2025;Sport Utility VehiHealthy Fast Food Chainle Sales;Neighborhood Patrol;0.511
2.20.2025;Sport Utility VehiHealthy Fast Food Chainle Sales;Family Fraud;0.028
2.20.2025;Sport Utility VehiHealthy Fast Food Chainle Sales;Family Fraud;0.028
2.20.2025;Sport Utility VehiHealthy Fast Food Chainle Sales;I Love Betty;-0.045
2.20.2025;Sport Utility VehiHealthy Fast Food Chainle Sales;I Love Betty;-0.045
2.20.2025;Sport Utility VehiHealthy Fast Food Chainle Sales;My First Home;0.73
2.20.2025;Sport Utility VehiHealthy Fast Food Chainle Sales;My First Home;0.73
2.20.2025;Sport Utility VehiHealthy Fast Food Chainle Sales;Food Fantasy in France;0.288
2.20.2025;Sport Utility VehiHealthy Fast Food Chainle Sales;Weird Flavors;0.472
2.20.2025;Sport Utility VehiHealthy Fast Food Chainle Sales;Weird Flavors;0.472
2.20.2025;Sport Utility VehiHealthy Fast Food Chainle Sales;Tonight Tonight;0.082
2.20.2025;Sport Utility VehiHealthy Fast Food Chainle Sales;Tonight Tonight;0.082
2.20.2025;Sport Utility VehiHealthy Fast Food Chainle Sales;Late Hours;0.083
2.20.2025;Sport Utility VehiHealthy Fast Food Chainle Sales;Late Hours;0.083
2.20.2025;Sport Utility VehiHealthy Fast Food Chainle Sales;Nightly News Stories;0.224
2.20.2025;Sport Utility VehiHealthy Fast Food Chainle Sales;Nightly News Stories;0.224
2.20.2025;Sport Utility VehiHealthy Fast Food Chainle Sales;Fix and Flip;0.021
2.20.2025;Sport Utility VehiHealthy Fast Food Chainle Sales;Fix and Flip;0.021
2.20.2025;Sport Utility VehiHealthy Fast Food Chainle Sales;Portable Homes;0.067
2.20.2025;Sport Utility VehiHealthy Fast Food Chainle Sales;Portable Homes;0.067
2.20.2025;Sport Utility VehiHealthy Fast Food Chainle Sales;International Villas;0.397
2.20.2025;Sport Utility VehiHealthy Fast Food Chainle Sales;Sister Home Sellers;0.222
2.20.2025;Sport Utility VehiHealthy Fast Food Chainle Sales;Sister Home Sellers;0.222
2.20.2025;Sport Utility VehiHealthy Fast Food Chainle Sales;Planet Hypothesis;0.337
2.27.2025;Healthy Fast Food Chain;Cannot Fool Me;0.202
2.27.2025;Healthy Fast Food Chain;Orlando Vice;0.355
2.27.2025;Healthy Fast Food Chain;Maui Five Ten;0.422
2.27.2025;Healthy Fast Food Chain;Rescue Squad;0.518
2.27.2025;Healthy Fast Food Chain;Family Fraud;0.028
2.27.2025;Healthy Fast Food Chain;I Love Betty;-0.045
2.27.2025;Healthy Fast Food Chain;Food Fantasy in France;0.288
2.27.2025;Healthy Fast Food Chain;Weird Flavors;0.472
2.27.2025;Healthy Fast Food Chain;The Young and the Reckless;0.101
2.27.2025;Healthy Fast Food Chain;The Evening Show;0.68
2.27.2025;Healthy Fast Food Chain;Nightly News Stories;0.224
2.27.2025;Healthy Fast Food Chain;Fix and Flip;0.021
2.27.2025;Healthy Fast Food Chain;Fix and Flip;0.021
2.27.2025;Healthy Fast Food Chain;Portable Homes;0.067
2.27.2025;Healthy Fast Food Chain;Portable Homes;0.067
2.27.2025;Healthy Fast Food Chain;Sister Home Sellers;0.222
2.27.2025;Healthy Fast Food Chain;Planet Hypothesis;0.337
2.27.2025;Healthy Fast Food Chain;Planet Hypothesis;0.337
2.27.2025;Popular Soft Drink;Fix and Flip;0.021
2.27.2025;Retail Big Box Store;See and Sold;0.561
2.27.2025;Retail Big Box Store;Together Forever;-0.054
2.27.2025;Retail Big Box Store;Cannot Fool Me;0.202
2.27.2025;Retail Big Box Store;Orlando Vice;0.355
2.27.2025;Retail Big Box Store;Maui Five Ten;0.422
2.27.2025;Retail Big Box Store;Neighborhood Patrol;0.511
2.27.2025;Retail Big Box Store;My First Home;0.73
2.27.2025;Retail Big Box Store;Food Fantasy in France;0.288
2.27.2025;Retail Big Box Store;The Young and the Reckless;0.101
2.27.2025;Retail Big Box Store;The Evening Show;0.68
2.27.2025;Retail Big Box Store;Late Hours;0.083
2.27.2025;Retail Big Box Store;Nightly News Stories;0.224
2.27.2025;Retail Big Box Store;Fix and Flip;0.021
2.27.2025;Retail Big Box Store;Portable Homes;0.067
2.27.2025;Retail Big Box Store;Sister Home Sellers;0.222
2.27.2025;Retail Big Box Store;Planet Hypothesis;0.337
2.27.2025;Sport Utility VehiHealthy Fast Food Chainle Sales;Together Forever;-0.054
2.27.2025;Sport Utility VehiHealthy Fast Food Chainle Sales;Together Forever;-0.054
2.27.2025;Sport Utility VehiHealthy Fast Food Chainle Sales;Waltzing with the Famous;0.427
2.27.2025;Sport Utility VehiHealthy Fast Food Chainle Sales;Cannot Fool Me;0.202
2.27.2025;Sport Utility VehiHealthy Fast Food Chainle Sales;Cannot Fool Me;0.202
2.27.2025;Sport Utility VehiHealthy Fast Food Chainle Sales;Orlando Vice;0.355
2.27.2025;Sport Utility VehiHealthy Fast Food Chainle Sales;Orlando Vice;0.355
2.27.2025;Sport Utility VehiHealthy Fast Food Chainle Sales;Maui Five Ten;0.422
2.27.2025;Sport Utility VehiHealthy Fast Food Chainle Sales;Maui Five Ten;0.422
2.27.2025;Sport Utility VehiHealthy Fast Food Chainle Sales;Rescue Squad;0.518
2.27.2025;Sport Utility VehiHealthy Fast Food Chainle Sales;Rescue Squad;0.518
2.27.2025;Sport Utility VehiHealthy Fast Food Chainle Sales;Neighborhood Patrol;0.511
2.27.2025;Sport Utility VehiHealthy Fast Food Chainle Sales;Family Fraud;0.028
2.27.2025;Sport Utility VehiHealthy Fast Food Chainle Sales;I Love Betty;-0.045
2.27.2025;Sport Utility VehiHealthy Fast Food Chainle Sales;I Love Betty;-0.045
2.27.2025;Sport Utility VehiHealthy Fast Food Chainle Sales;My First Home;0.73
2.27.2025;Sport Utility VehiHealthy Fast Food Chainle Sales;My First Home;0.73
2.27.2025;Sport Utility VehiHealthy Fast Food Chainle Sales;Food Fantasy in France;0.288
2.27.2025;Sport Utility VehiHealthy Fast Food Chainle Sales;Weird Flavors;0.472
2.27.2025;Sport Utility VehiHealthy Fast Food Chainle Sales;The Young and the Reckless;0.101
2.27.2025;Sport Utility VehiHealthy Fast Food Chainle Sales;The Young and the Reckless;0.101
2.27.2025;Sport Utility VehiHealthy Fast Food Chainle Sales;The Evening Show;0.68
2.27.2025;Sport Utility VehiHealthy Fast Food Chainle Sales;Tonight Tonight;0.082
2.27.2025;Sport Utility VehiHealthy Fast Food Chainle Sales;Tonight Tonight;0.082
2.27.2025;Sport Utility VehiHealthy Fast Food Chainle Sales;Late Hours;0.083
2.27.2025;Sport Utility VehiHealthy Fast Food Chainle Sales;Late Hours;0.083
2.27.2025;Sport Utility VehiHealthy Fast Food Chainle Sales;Nightly News Stories;0.224
2.27.2025;Sport Utility VehiHealthy Fast Food Chainle Sales;Nightly News Stories;0.224
2.27.2025;Sport Utility VehiHealthy Fast Food Chainle Sales;Fix and Flip;0.021
2.27.2025;Sport Utility VehiHealthy Fast Food Chainle Sales;Fix and Flip;0.021
2.27.2025;Sport Utility VehiHealthy Fast Food Chainle Sales;Portable Homes;0.067
2.27.2025;Sport Utility VehiHealthy Fast Food Chainle Sales;Portable Homes;0.067
2.27.2025;Sport Utility VehiHealthy Fast Food Chainle Sales;International Villas;0.397
2.27.2025;Sport Utility VehiHealthy Fast Food Chainle Sales;Sister Home Sellers;0.222
2.27.2025;Sport Utility VehiHealthy Fast Food Chainle Sales;Sister Home Sellers;0.222
2.27.2025;Sport Utility VehiHealthy Fast Food Chainle Sales;Planet Hypothesis;0.337
03.06.2025;Healthy Fast Food Chain;See and Sold;0.561
03.06.2025;Healthy Fast Food Chain;Waltzing with the Famous;0.427
03.06.2025;Healthy Fast Food Chain;Waltzing with the Famous;0.427
03.06.2025;Healthy Fast Food Chain;Orlando Vice;0.355
03.06.2025;Healthy Fast Food Chain;Orlando Vice;0.355
03.06.2025;Healthy Fast Food Chain;Maui Five Ten;0.422
03.06.2025;Healthy Fast Food Chain;Family Fraud;0.028
03.06.2025;Healthy Fast Food Chain;I Love Betty;-0.045
03.06.2025;Healthy Fast Food Chain;Food Fantasy in France;0.288
03.06.2025;Healthy Fast Food Chain;Weird Flavors;0.472
03.06.2025;Healthy Fast Food Chain;The Young and the Reckless;0.101
03.06.2025;Healthy Fast Food Chain;Nightly News Stories;0.224
03.06.2025;Healthy Fast Food Chain;Fix and Flip;0.021
03.06.2025;Healthy Fast Food Chain;Fix and Flip;0.021
03.06.2025;Healthy Fast Food Chain;Portable Homes;0.067
03.06.2025;Healthy Fast Food Chain;Portable Homes;0.067
03.06.2025;Healthy Fast Food Chain;Sister Home Sellers;0.222
03.06.2025;Healthy Fast Food Chain;Planet Hypothesis;0.337
03.06.2025;Healthy Fast Food Chain;Planet Hypothesis;0.337
03.06.2025;Popular Soft Drink;Fix and Flip;0.021
03.06.2025;Retail Big Box Store;See and Sold;0.561
03.06.2025;Retail Big Box Store;Together Forever;-0.054
03.06.2025;Retail Big Box Store;Together Forever;-0.054
03.06.2025;Retail Big Box Store;Waltzing with the Famous;0.427
03.06.2025;Retail Big Box Store;Cannot Fool Me;0.202
03.06.2025;Retail Big Box Store;Cannot Fool Me;0.202
03.06.2025;Retail Big Box Store;Orlando Vice;0.355
03.06.2025;Retail Big Box Store;Orlando Vice;0.355
03.06.2025;Retail Big Box Store;Maui Five Ten;0.422
03.06.2025;Retail Big Box Store;Maui Five Ten;0.422
03.06.2025;Retail Big Box Store;Neighborhood Patrol;0.511
03.06.2025;Retail Big Box Store;Family Fraud;0.028
03.06.2025;Retail Big Box Store;My First Home;0.73
03.06.2025;Retail Big Box Store;Food Fantasy in France;0.288
03.06.2025;Retail Big Box Store;Weird Flavors;0.472
03.06.2025;Retail Big Box Store;Weird Flavors;0.472
03.06.2025;Retail Big Box Store;The Young and the Reckless;0.101
03.06.2025;Retail Big Box Store;The Young and the Reckless;0.101
03.06.2025;Retail Big Box Store;Tonight Tonight;0.082
03.06.2025;Retail Big Box Store;Late Hours;0.083
03.06.2025;Retail Big Box Store;Late Hours;0.083
03.06.2025;Retail Big Box Store;Nightly News Stories;0.224
03.06.2025;Retail Big Box Store;Nightly News Stories;0.224
03.06.2025;Retail Big Box Store;Fix and Flip;0.021
03.06.2025;Retail Big Box Store;Fix and Flip;0.021
03.06.2025;Retail Big Box Store;Portable Homes;0.067
03.06.2025;Retail Big Box Store;Portable Homes;0.067
03.06.2025;Retail Big Box Store;Sister Home Sellers;0.222
03.06.2025;Retail Big Box Store;Sister Home Sellers;0.222
03.06.2025;Retail Big Box Store;Planet Hypothesis;0.337
03.06.2025;Retail Big Box Store;Planet Hypothesis;0.337
03.06.2025;Retail Big Box Store;ER Drama;0.605
03.06.2025;Sport Utility VehiHealthy Fast Food Chainle Sales;See and Sold;0.561
03.06.2025;Sport Utility VehiHealthy Fast Food Chainle Sales;Together Forever;-0.054
03.06.2025;Sport Utility VehiHealthy Fast Food Chainle Sales;Together Forever;-0.054
03.06.2025;Sport Utility VehiHealthy Fast Food Chainle Sales;Waltzing with the Famous;0.427
03.06.2025;Sport Utility VehiHealthy Fast Food Chainle Sales;Cannot Fool Me;0.202
03.06.2025;Sport Utility VehiHealthy Fast Food Chainle Sales;Cannot Fool Me;0.202
03.06.2025;Sport Utility VehiHealthy Fast Food Chainle Sales;Orlando Vice;0.355
03.06.2025;Sport Utility VehiHealthy Fast Food Chainle Sales;Orlando Vice;0.355
03.06.2025;Sport Utility VehiHealthy Fast Food Chainle Sales;Maui Five Ten;0.422
03.06.2025;Sport Utility VehiHealthy Fast Food Chainle Sales;Neighborhood Patrol;0.511
03.06.2025;Sport Utility VehiHealthy Fast Food Chainle Sales;Neighborhood Patrol;0.511
03.06.2025;Sport Utility VehiHealthy Fast Food Chainle Sales;Family Fraud;0.028
03.06.2025;Sport Utility VehiHealthy Fast Food Chainle Sales;I Love Betty;-0.045
03.06.2025;Sport Utility VehiHealthy Fast Food Chainle Sales;I Love Betty;-0.045
03.06.2025;Sport Utility VehiHealthy Fast Food Chainle Sales;My First Home;0.73
03.06.2025;Sport Utility VehiHealthy Fast Food Chainle Sales;My First Home;0.73
03.06.2025;Sport Utility VehiHealthy Fast Food Chainle Sales;Weird Flavors;0.472
03.06.2025;Sport Utility VehiHealthy Fast Food Chainle Sales;The Young and the Reckless;0.101
03.06.2025;Sport Utility VehiHealthy Fast Food Chainle Sales;The Young and the Reckless;0.101
03.06.2025;Sport Utility VehiHealthy Fast Food Chainle Sales;Tonight Tonight;0.082
03.06.2025;Sport Utility VehiHealthy Fast Food Chainle Sales;Late Hours;0.083
03.06.2025;Sport Utility VehiHealthy Fast Food Chainle Sales;Nightly News Stories;0.224
03.06.2025;Sport Utility VehiHealthy Fast Food Chainle Sales;Nightly News Stories;0.224
03.06.2025;Sport Utility VehiHealthy Fast Food Chainle Sales;Fix and Flip;0.021
03.06.2025;Sport Utility VehiHealthy Fast Food Chainle Sales;Fix and Flip;0.021
03.06.2025;Sport Utility VehiHealthy Fast Food Chainle Sales;Portable Homes;0.067
03.06.2025;Sport Utility VehiHealthy Fast Food Chainle Sales;Portable Homes;0.067
03.06.2025;Sport Utility VehiHealthy Fast Food Chainle Sales;International Villas;0.397
03.06.2025;Sport Utility VehiHealthy Fast Food Chainle Sales;Sister Home Sellers;0.222
03.06.2025;Sport Utility VehiHealthy Fast Food Chainle Sales;Sister Home Sellers;0.222
03.06.2025;Sport Utility VehiHealthy Fast Food Chainle Sales;Planet Hypothesis;0.337
03.06.2025;Sport Utility VehiHealthy Fast Food Chainle Sales;Planet Hypothesis;0.337
03.06.2025;Sport Utility VehiHealthy Fast Food Chainle Sales;ER Drama;0.605
03.06.2025;Sport Utility VehiHealthy Fast Food Chainle Sales;ER Drama;0.605
3.13.2025;Healthy Fast Food Chain;Waltzing with the Famous;0.427
3.13.2025;Healthy Fast Food Chain;Waltzing with the Famous;0.427
3.13.2025;Healthy Fast Food Chain;Orlando Vice;0.355
3.13.2025;Healthy Fast Food Chain;Maui Five Ten;0.422
3.13.2025;Healthy Fast Food Chain;Family Fraud;0.028
3.13.2025;Healthy Fast Food Chain;I Love Betty;-0.045
3.13.2025;Healthy Fast Food Chain;Food Fantasy in France;0.288
3.13.2025;Healthy Fast Food Chain;Weird Flavors;0.472
3.13.2025;Healthy Fast Food Chain;The Young and the Reckless;0.101
3.13.2025;Healthy Fast Food Chain;Nightly News Stories;0.224
3.13.2025;Healthy Fast Food Chain;Fix and Flip;0.021
3.13.2025;Healthy Fast Food Chain;Fix and Flip;0.021
3.13.2025;Healthy Fast Food Chain;Portable Homes;0.067
3.13.2025;Healthy Fast Food Chain;Portable Homes;0.067
3.13.2025;Healthy Fast Food Chain;Sister Home Sellers;0.222
3.13.2025;Healthy Fast Food Chain;Sister Home Sellers;0.222
3.13.2025;Healthy Fast Food Chain;Planet Hypothesis;0.337
3.13.2025;Healthy Fast Food Chain;Planet Hypothesis;0.337
3.13.2025;Healthy Fast Food Chain;ER Drama;0.605
3.13.2025;Healthy Fast Food Chain;ER Drama;0.605
3.13.2025;Retail Big Box Store;See and Sold;0.561
3.13.2025;Retail Big Box Store;Together Forever;-0.054
3.13.2025;Retail Big Box Store;Together Forever;-0.054
3.13.2025;Retail Big Box Store;Cannot Fool Me;0.202
3.13.2025;Retail Big Box Store;Cannot Fool Me;0.202
3.13.2025;Retail Big Box Store;Orlando Vice;0.355
3.13.2025;Retail Big Box Store;Orlando Vice;0.355
3.13.2025;Retail Big Box Store;Maui Five Ten;0.422
3.13.2025;Retail Big Box Store;Maui Five Ten;0.422
3.13.2025;Retail Big Box Store;Family Fraud;0.028
3.13.2025;Retail Big Box Store;My First Home;0.73
3.13.2025;Retail Big Box Store;Food Fantasy in France;0.288
3.13.2025;Retail Big Box Store;Weird Flavors;0.472
3.13.2025;Retail Big Box Store;The Young and the Reckless;0.101
3.13.2025;Retail Big Box Store;The Young and the Reckless;0.101
3.13.2025;Retail Big Box Store;The Evening Show;0.68
3.13.2025;Retail Big Box Store;Tonight Tonight;0.082
3.13.2025;Retail Big Box Store;Late Hours;0.083
3.13.2025;Retail Big Box Store;Late Hours;0.083
3.13.2025;Retail Big Box Store;Nightly News Stories;0.224
3.13.2025;Retail Big Box Store;Fix and Flip;0.021
3.13.2025;Retail Big Box Store;Fix and Flip;0.021
3.13.2025;Retail Big Box Store;Portable Homes;0.067
3.13.2025;Retail Big Box Store;Portable Homes;0.067
3.13.2025;Retail Big Box Store;Sister Home Sellers;0.222
3.13.2025;Retail Big Box Store;Planet Hypothesis;0.337
3.13.2025;Retail Big Box Store;Planet Hypothesis;0.337
3.13.2025;Sport Utility VehiHealthy Fast Food Chainle Sales;See and Sold;0.561
3.13.2025;Sport Utility VehiHealthy Fast Food Chainle Sales;See and Sold;0.561
3.13.2025;Sport Utility VehiHealthy Fast Food Chainle Sales;Together Forever;-0.054
3.13.2025;Sport Utility VehiHealthy Fast Food Chainle Sales;Together Forever;-0.054
3.13.2025;Sport Utility VehiHealthy Fast Food Chainle Sales;Waltzing with the Famous;0.427
3.13.2025;Sport Utility VehiHealthy Fast Food Chainle Sales;Waltzing with the Famous;0.427
3.13.2025;Sport Utility VehiHealthy Fast Food Chainle Sales;Cannot Fool Me;0.202
3.13.2025;Sport Utility VehiHealthy Fast Food Chainle Sales;Orlando Vice;0.355
3.13.2025;Sport Utility VehiHealthy Fast Food Chainle Sales;Orlando Vice;0.355
3.13.2025;Sport Utility VehiHealthy Fast Food Chainle Sales;Maui Five Ten;0.422
3.13.2025;Sport Utility VehiHealthy Fast Food Chainle Sales;Family Fraud;0.028
3.13.2025;Sport Utility VehiHealthy Fast Food Chainle Sales;I Love Betty;-0.045
3.13.2025;Sport Utility VehiHealthy Fast Food Chainle Sales;I Love Betty;-0.045
3.13.2025;Sport Utility VehiHealthy Fast Food Chainle Sales;My First Home;0.73
3.13.2025;Sport Utility VehiHealthy Fast Food Chainle Sales;My First Home;0.73
3.13.2025;Sport Utility VehiHealthy Fast Food Chainle Sales;Food Fantasy in France;0.288
3.13.2025;Sport Utility VehiHealthy Fast Food Chainle Sales;The Young and the Reckless;0.101
3.13.2025;Sport Utility VehiHealthy Fast Food Chainle Sales;The Young and the Reckless;0.101
3.13.2025;Sport Utility VehiHealthy Fast Food Chainle Sales;Tonight Tonight;0.082
3.13.2025;Sport Utility VehiHealthy Fast Food Chainle Sales;Tonight Tonight;0.082
3.13.2025;Sport Utility VehiHealthy Fast Food Chainle Sales;Late Hours;0.083
3.13.2025;Sport Utility VehiHealthy Fast Food Chainle Sales;Nightly News Stories;0.224
3.13.2025;Sport Utility VehiHealthy Fast Food Chainle Sales;Fix and Flip;0.021
3.13.2025;Sport Utility VehiHealthy Fast Food Chainle Sales;Fix and Flip;0.021
3.13.2025;Sport Utility VehiHealthy Fast Food Chainle Sales;Portable Homes;0.067
3.13.2025;Sport Utility VehiHealthy Fast Food Chainle Sales;Portable Homes;0.067
3.13.2025;Sport Utility VehiHealthy Fast Food Chainle Sales;Sister Home Sellers;0.222
3.13.2025;Sport Utility VehiHealthy Fast Food Chainle Sales;Sister Home Sellers;0.222
3.13.2025;Sport Utility VehiHealthy Fast Food Chainle Sales;Planet Hypothesis;0.337
3.13.2025;Sport Utility VehiHealthy Fast Food Chainle Sales;ER Drama;0.605
3.20.2025;Healthy Fast Food Chain;Waltzing with the Famous;0.427
3.20.2025;Healthy Fast Food Chain;Waltzing with the Famous;0.427
3.20.2025;Healthy Fast Food Chain;Cannot Fool Me;0.202
3.20.2025;Healthy Fast Food Chain;Orlando Vice;0.355
3.20.2025;Healthy Fast Food Chain;Neighborhood Patrol;0.511
3.20.2025;Healthy Fast Food Chain;Family Fraud;0.028
3.20.2025;Healthy Fast Food Chain;I Love Betty;-0.045
3.20.2025;Healthy Fast Food Chain;Weird Flavors;0.472
3.20.2025;Healthy Fast Food Chain;Weird Flavors;0.472
3.20.2025;Healthy Fast Food Chain;The Young and the Reckless;0.101
3.20.2025;Healthy Fast Food Chain;The Evening Show;0.68
3.20.2025;Healthy Fast Food Chain;Nightly News Stories;0.224
3.20.2025;Healthy Fast Food Chain;Fix and Flip;0.021
3.20.2025;Healthy Fast Food Chain;Fix and Flip;0.021
3.20.2025;Healthy Fast Food Chain;Portable Homes;0.067
3.20.2025;Healthy Fast Food Chain;Portable Homes;0.067
3.20.2025;Healthy Fast Food Chain;Sister Home Sellers;0.222
3.20.2025;Healthy Fast Food Chain;Sister Home Sellers;0.222
3.20.2025;Healthy Fast Food Chain;Planet Hypothesis;0.337
3.20.2025;Healthy Fast Food Chain;Planet Hypothesis;0.337
3.20.2025;Healthy Fast Food Chain;ER Drama;0.605
3.20.2025;Healthy Fast Food Chain;ER Drama;0.605
3.20.2025;Home Cleaning Product;Orlando Vice;0.355
3.20.2025;Home Cleaning Product;Late Hours;0.083
3.20.2025;Home Cleaning Product;Fix and Flip;0.021
3.20.2025;Home Cleaning Product;Planet Hypothesis;0.337
3.20.2025;Home Cleaning Product;ER Drama;0.605
3.20.2025;Retail Big Box Store;Together Forever;-0.054
3.20.2025;Retail Big Box Store;Together Forever;-0.054
3.20.2025;Retail Big Box Store;Waltzing with the Famous;0.427
3.20.2025;Retail Big Box Store;Waltzing with the Famous;0.427
3.20.2025;Retail Big Box Store;Cannot Fool Me;0.202
3.20.2025;Retail Big Box Store;Cannot Fool Me;0.202
3.20.2025;Retail Big Box Store;Orlando Vice;0.355
3.20.2025;Retail Big Box Store;Orlando Vice;0.355
3.20.2025;Retail Big Box Store;Maui Five Ten;0.422
3.20.2025;Retail Big Box Store;Family Fraud;0.028
3.20.2025;Retail Big Box Store;My First Home;0.73
3.20.2025;Retail Big Box Store;Weird Flavors;0.472
3.20.2025;Retail Big Box Store;The Young and the Reckless;0.101
3.20.2025;Retail Big Box Store;The Young and the Reckless;0.101
3.20.2025;Retail Big Box Store;Tonight Tonight;0.082
3.20.2025;Retail Big Box Store;Tonight Tonight;0.082
3.20.2025;Retail Big Box Store;Late Hours;0.083
3.20.2025;Retail Big Box Store;Late Hours;0.083
3.20.2025;Retail Big Box Store;Nightly News Stories;0.224
3.20.2025;Retail Big Box Store;Fix and Flip;0.021
3.20.2025;Retail Big Box Store;Fix and Flip;0.021
3.20.2025;Retail Big Box Store;Portable Homes;0.067
3.20.2025;Retail Big Box Store;Portable Homes;0.067
3.20.2025;Retail Big Box Store;Sister Home Sellers;0.222
3.20.2025;Retail Big Box Store;Sister Home Sellers;0.222
3.20.2025;Retail Big Box Store;Planet Hypothesis;0.337
3.20.2025;Retail Big Box Store;Planet Hypothesis;0.337
3.20.2025;Retail Big Box Store;ER Drama;0.605
3.20.2025;Sport Utility VehiHealthy Fast Food Chainle Sales;Together Forever;-0.054
3.20.2025;Sport Utility VehiHealthy Fast Food Chainle Sales;Together Forever;-0.054
3.20.2025;Sport Utility VehiHealthy Fast Food Chainle Sales;Waltzing with the Famous;0.427
3.20.2025;Sport Utility VehiHealthy Fast Food Chainle Sales;Waltzing with the Famous;0.427
3.20.2025;Sport Utility VehiHealthy Fast Food Chainle Sales;Cannot Fool Me;0.202
3.20.2025;Sport Utility VehiHealthy Fast Food Chainle Sales;Cannot Fool Me;0.202
3.20.2025;Sport Utility VehiHealthy Fast Food Chainle Sales;Orlando Vice;0.355
3.20.2025;Sport Utility VehiHealthy Fast Food Chainle Sales;Orlando Vice;0.355
3.20.2025;Sport Utility VehiHealthy Fast Food Chainle Sales;Maui Five Ten;0.422
3.20.2025;Sport Utility VehiHealthy Fast Food Chainle Sales;Maui Five Ten;0.422
3.20.2025;Sport Utility VehiHealthy Fast Food Chainle Sales;Family Fraud;0.028
3.20.2025;Sport Utility VehiHealthy Fast Food Chainle Sales;I Love Betty;-0.045
3.20.2025;Sport Utility VehiHealthy Fast Food Chainle Sales;I Love Betty;-0.045
3.20.2025;Sport Utility VehiHealthy Fast Food Chainle Sales;My First Home;0.73
3.20.2025;Sport Utility VehiHealthy Fast Food Chainle Sales;My First Home;0.73
3.20.2025;Sport Utility VehiHealthy Fast Food Chainle Sales;The Young and the Reckless;0.101
3.20.2025;Sport Utility VehiHealthy Fast Food Chainle Sales;The Young and the Reckless;0.101
3.20.2025;Sport Utility VehiHealthy Fast Food Chainle Sales;The Evening Show;0.68
3.20.2025;Sport Utility VehiHealthy Fast Food Chainle Sales;Tonight Tonight;0.082
3.20.2025;Sport Utility VehiHealthy Fast Food Chainle Sales;Late Hours;0.083
3.20.2025;Sport Utility VehiHealthy Fast Food Chainle Sales;Nightly News Stories;0.224
3.20.2025;Sport Utility VehiHealthy Fast Food Chainle Sales;Nightly News Stories;0.224
3.20.2025;Sport Utility VehiHealthy Fast Food Chainle Sales;Fix and Flip;0.021
3.20.2025;Sport Utility VehiHealthy Fast Food Chainle Sales;Fix and Flip;0.021
3.20.2025;Sport Utility VehiHealthy Fast Food Chainle Sales;Portable Homes;0.067
3.20.2025;Sport Utility VehiHealthy Fast Food Chainle Sales;Portable Homes;0.067
3.20.2025;Sport Utility VehiHealthy Fast Food Chainle Sales;Sister Home Sellers;0.222
3.20.2025;Sport Utility VehiHealthy Fast Food Chainle Sales;Sister Home Sellers;0.222
3.20.2025;Sport Utility VehiHealthy Fast Food Chainle Sales;Planet Hypothesis;0.337
3.27.2025;Healthy Fast Food Chain;Together Forever;-0.054
3.27.2025;Healthy Fast Food Chain;Waltzing with the Famous;0.427
3.27.2025;Healthy Fast Food Chain;Cannot Fool Me;0.202
3.27.2025;Healthy Fast Food Chain;Orlando Vice;0.355
3.27.2025;Healthy Fast Food Chain;Orlando Vice;0.355
3.27.2025;Healthy Fast Food Chain;Maui Five Ten;0.422
3.27.2025;Healthy Fast Food Chain;Neighborhood Patrol;0.511
3.27.2025;Healthy Fast Food Chain;Family Fraud;0.028
3.27.2025;Healthy Fast Food Chain;I Love Betty;-0.045
3.27.2025;Healthy Fast Food Chain;Travel the World;0.654
3.27.2025;Healthy Fast Food Chain;My First Home;0.73
3.27.2025;Healthy Fast Food Chain;The Evening Show;0.68
3.27.2025;Healthy Fast Food Chain;Nightly News Stories;0.224
3.27.2025;Healthy Fast Food Chain;Fix and Flip;0.021
3.27.2025;Healthy Fast Food Chain;Fix and Flip;0.021
3.27.2025;Healthy Fast Food Chain;Portable Homes;0.067
3.27.2025;Healthy Fast Food Chain;Portable Homes;0.067
3.27.2025;Healthy Fast Food Chain;Sister Home Sellers;0.222
3.27.2025;Healthy Fast Food Chain;Planet Hypothesis;0.337
3.27.2025;Healthy Fast Food Chain;ER Drama;0.605
3.27.2025;Popular Soft Drink;Fix and Flip;0.021
3.27.2025;Popular Soft Drink;Sister Home Sellers;0.222
3.27.2025;Retail Big Box Store;Together Forever;-0.054
3.27.2025;Retail Big Box Store;Together Forever;-0.054
3.27.2025;Retail Big Box Store;Waltzing with the Famous;0.427
3.27.2025;Retail Big Box Store;Waltzing with the Famous;0.427
3.27.2025;Retail Big Box Store;Cannot Fool Me;0.202
3.27.2025;Retail Big Box Store;Cannot Fool Me;0.202
3.27.2025;Retail Big Box Store;Orlando Vice;0.355
3.27.2025;Retail Big Box Store;Orlando Vice;0.355
3.27.2025;Retail Big Box Store;Maui Five Ten;0.422
3.27.2025;Retail Big Box Store;Maui Five Ten;0.422
3.27.2025;Retail Big Box Store;Neighborhood Patrol;0.511
3.27.2025;Retail Big Box Store;Family Fraud;0.028
3.27.2025;Retail Big Box Store;Travel the World;0.654
3.27.2025;Retail Big Box Store;My First Home;0.73
3.27.2025;Retail Big Box Store;Weird Flavors;0.472
3.27.2025;Retail Big Box Store;Freaky Vacations;0.221
3.27.2025;Retail Big Box Store;The Young and the Reckless;0.101
3.27.2025;Retail Big Box Store;The Young and the Reckless;0.101
3.27.2025;Retail Big Box Store;The Evening Show;0.68
3.27.2025;Retail Big Box Store;Tonight Tonight;0.082
3.27.2025;Retail Big Box Store;Tonight Tonight;0.082
3.27.2025;Retail Big Box Store;Late Hours;0.083
3.27.2025;Retail Big Box Store;Late Hours;0.083
3.27.2025;Retail Big Box Store;Nightly News Stories;0.224
3.27.2025;Retail Big Box Store;Fix and Flip;0.021
3.27.2025;Retail Big Box Store;Fix and Flip;0.021
3.27.2025;Retail Big Box Store;Portable Homes;0.067
3.27.2025;Retail Big Box Store;Portable Homes;0.067
3.27.2025;Retail Big Box Store;Sister Home Sellers;0.222
3.27.2025;Retail Big Box Store;Sister Home Sellers;0.222
3.27.2025;Retail Big Box Store;Planet Hypothesis;0.337
3.27.2025;Retail Big Box Store;Planet Hypothesis;0.337
3.27.2025;Retail Big Box Store;ER Drama;0.605
3.27.2025;Sport Utility VehiHealthy Fast Food Chainle Sales;Together Forever;-0.054
3.27.2025;Sport Utility VehiHealthy Fast Food Chainle Sales;Together Forever;-0.054
3.27.2025;Sport Utility VehiHealthy Fast Food Chainle Sales;Waltzing with the Famous;0.427
3.27.2025;Sport Utility VehiHealthy Fast Food Chainle Sales;Waltzing with the Famous;0.427
3.27.2025;Sport Utility VehiHealthy Fast Food Chainle Sales;Cannot Fool Me;0.202
3.27.2025;Sport Utility VehiHealthy Fast Food Chainle Sales;Cannot Fool Me;0.202
3.27.2025;Sport Utility VehiHealthy Fast Food Chainle Sales;Orlando Vice;0.355
3.27.2025;Sport Utility VehiHealthy Fast Food Chainle Sales;Orlando Vice;0.355
3.27.2025;Sport Utility VehiHealthy Fast Food Chainle Sales;Maui Five Ten;0.422
3.27.2025;Sport Utility VehiHealthy Fast Food Chainle Sales;Maui Five Ten;0.422
3.27.2025;Sport Utility VehiHealthy Fast Food Chainle Sales;Neighborhood Patrol;0.511
3.27.2025;Sport Utility VehiHealthy Fast Food Chainle Sales;Family Fraud;0.028
3.27.2025;Sport Utility VehiHealthy Fast Food Chainle Sales;I Love Betty;-0.045
3.27.2025;Sport Utility VehiHealthy Fast Food Chainle Sales;I Love Betty;-0.045
3.27.2025;Sport Utility VehiHealthy Fast Food Chainle Sales;Travel the World;0.654
3.27.2025;Sport Utility VehiHealthy Fast Food Chainle Sales;My First Home;0.73
3.27.2025;Sport Utility VehiHealthy Fast Food Chainle Sales;My First Home;0.73
3.27.2025;Sport Utility VehiHealthy Fast Food Chainle Sales;Weird Flavors;0.472
3.27.2025;Sport Utility VehiHealthy Fast Food Chainle Sales;Freaky Vacations;0.221
3.27.2025;Sport Utility VehiHealthy Fast Food Chainle Sales;The Young and the Reckless;0.101
3.27.2025;Sport Utility VehiHealthy Fast Food Chainle Sales;The Young and the Reckless;0.101
3.27.2025;Sport Utility VehiHealthy Fast Food Chainle Sales;The Evening Show;0.68
3.27.2025;Sport Utility VehiHealthy Fast Food Chainle Sales;The Evening Show;0.68
3.27.2025;Sport Utility VehiHealthy Fast Food Chainle Sales;Tonight Tonight;0.082
3.27.2025;Sport Utility VehiHealthy Fast Food Chainle Sales;Tonight Tonight;0.082
3.27.2025;Sport Utility VehiHealthy Fast Food Chainle Sales;Nightly News Stories;0.224
3.27.2025;Sport Utility VehiHealthy Fast Food Chainle Sales;Nightly News Stories;0.224
3.27.2025;Sport Utility VehiHealthy Fast Food Chainle Sales;Fix and Flip;0.021
3.27.2025;Sport Utility VehiHealthy Fast Food Chainle Sales;Fix and Flip;0.021
3.27.2025;Sport Utility VehiHealthy Fast Food Chainle Sales;Portable Homes;0.067
3.27.2025;Sport Utility VehiHealthy Fast Food Chainle Sales;Portable Homes;0.067
3.27.2025;Sport Utility VehiHealthy Fast Food Chainle Sales;Sister Home Sellers;0.222
3.27.2025;Sport Utility VehiHealthy Fast Food Chainle Sales;Planet Hypothesis;0.337
3.27.2025;Sport Utility VehiHealthy Fast Food Chainle Sales;Planet Hypothesis;0.337
3.27.2025;Sport Utility VehiHealthy Fast Food Chainle Sales;ER Drama;0.605
04.03.2025;Healthy Fast Food Chain;Waltzing with the Famous;0.427
04.03.2025;Healthy Fast Food Chain;Orlando Vice;0.355
04.03.2025;Healthy Fast Food Chain;Maui Five Ten;0.422
04.03.2025;Healthy Fast Food Chain;Neighborhood Patrol;0.511
04.03.2025;Healthy Fast Food Chain;Family Fraud;0.028
04.03.2025;Healthy Fast Food Chain;I Love Betty;-0.045
04.03.2025;Healthy Fast Food Chain;Freaky Vacations;0.221
04.03.2025;Healthy Fast Food Chain;Freaky Vacations;0.221
04.03.2025;Healthy Fast Food Chain;The Young and the Reckless;0.101
04.03.2025;Healthy Fast Food Chain;The Evening Show;0.68
04.03.2025;Healthy Fast Food Chain;Nightly News Stories;0.224
04.03.2025;Healthy Fast Food Chain;Fix and Flip;0.021
04.03.2025;Healthy Fast Food Chain;Fix and Flip;0.021
04.03.2025;Healthy Fast Food Chain;Portable Homes;0.067
04.03.2025;Healthy Fast Food Chain;Portable Homes;0.067
04.03.2025;Healthy Fast Food Chain;Sister Home Sellers;0.222
04.03.2025;Healthy Fast Food Chain;Planet Hypothesis;0.337
04.03.2025;Healthy Fast Food Chain;Planet Hypothesis;0.337
04.03.2025;Healthy Fast Food Chain;ER Drama;0.605
04.03.2025;Popular Soft Drink;Fix and Flip;0.021
04.03.2025;Popular Soft Drink;Sister Home Sellers;0.222
04.03.2025;Retail Big Box Store;Together Forever;-0.054
04.03.2025;Retail Big Box Store;Waltzing with the Famous;0.427
04.03.2025;Retail Big Box Store;Orlando Vice;0.355
04.03.2025;Retail Big Box Store;Orlando Vice;0.355
04.03.2025;Retail Big Box Store;Maui Five Ten;0.422
04.03.2025;Retail Big Box Store;Neighborhood Patrol;0.511
04.03.2025;Retail Big Box Store;Family Fraud;0.028
04.03.2025;Retail Big Box Store;My First Home;0.73
04.03.2025;Retail Big Box Store;Freaky Vacations;0.221
04.03.2025;Retail Big Box Store;The Young and the Reckless;0.101
04.03.2025;Retail Big Box Store;The Young and the Reckless;0.101
04.03.2025;Retail Big Box Store;The Evening Show;0.68
04.03.2025;Retail Big Box Store;Tonight Tonight;0.082
04.03.2025;Retail Big Box Store;Late Hours;0.083
04.03.2025;Retail Big Box Store;Nightly News Stories;0.224
04.03.2025;Retail Big Box Store;Nightly News Stories;0.224
04.03.2025;Retail Big Box Store;Fix and Flip;0.021
04.03.2025;Retail Big Box Store;Fix and Flip;0.021
04.03.2025;Retail Big Box Store;Portable Homes;0.067
04.03.2025;Retail Big Box Store;Portable Homes;0.067
04.03.2025;Retail Big Box Store;Sister Home Sellers;0.222
04.03.2025;Retail Big Box Store;Sister Home Sellers;0.222
04.03.2025;Retail Big Box Store;Planet Hypothesis;0.337
04.03.2025;Retail Big Box Store;Planet Hypothesis;0.337
04.03.2025;Sport Utility VehiHealthy Fast Food Chainle Sales;Together Forever;-0.054
04.03.2025;Sport Utility VehiHealthy Fast Food Chainle Sales;Together Forever;-0.054
04.03.2025;Sport Utility VehiHealthy Fast Food Chainle Sales;Waltzing with the Famous;0.427
04.03.2025;Sport Utility VehiHealthy Fast Food Chainle Sales;Waltzing with the Famous;0.427
04.03.2025;Sport Utility VehiHealthy Fast Food Chainle Sales;Orlando Vice;0.355
04.03.2025;Sport Utility VehiHealthy Fast Food Chainle Sales;Orlando Vice;0.355
04.03.2025;Sport Utility VehiHealthy Fast Food Chainle Sales;Maui Five Ten;0.422
04.03.2025;Sport Utility VehiHealthy Fast Food Chainle Sales;Neighborhood Patrol;0.511
04.03.2025;Sport Utility VehiHealthy Fast Food Chainle Sales;Family Fraud;0.028
04.03.2025;Sport Utility VehiHealthy Fast Food Chainle Sales;I Love Betty;-0.045
04.03.2025;Sport Utility VehiHealthy Fast Food Chainle Sales;I Love Betty;-0.045
04.03.2025;Sport Utility VehiHealthy Fast Food Chainle Sales;Travel the World;0.654
04.03.2025;Sport Utility VehiHealthy Fast Food Chainle Sales;My First Home;0.73
04.03.2025;Sport Utility VehiHealthy Fast Food Chainle Sales;Freaky Vacations;0.221
04.03.2025;Sport Utility VehiHealthy Fast Food Chainle Sales;The Young and the Reckless;0.101
04.03.2025;Sport Utility VehiHealthy Fast Food Chainle Sales;The Young and the Reckless;0.101
04.03.2025;Sport Utility VehiHealthy Fast Food Chainle Sales;The Evening Show;0.68
04.03.2025;Sport Utility VehiHealthy Fast Food Chainle Sales;The Evening Show;0.68
04.03.2025;Sport Utility VehiHealthy Fast Food Chainle Sales;Tonight Tonight;0.082
04.03.2025;Sport Utility VehiHealthy Fast Food Chainle Sales;Late Hours;0.083
04.03.2025;Sport Utility VehiHealthy Fast Food Chainle Sales;Nightly News Stories;0.224
04.03.2025;Sport Utility VehiHealthy Fast Food Chainle Sales;Fix and Flip;0.021
04.03.2025;Sport Utility VehiHealthy Fast Food Chainle Sales;Fix and Flip;0.021
04.03.2025;Sport Utility VehiHealthy Fast Food Chainle Sales;Portable Homes;0.067
04.03.2025;Sport Utility VehiHealthy Fast Food Chainle Sales;Portable Homes;0.067
04.03.2025;Sport Utility VehiHealthy Fast Food Chainle Sales;Sister Home Sellers;0.222
04.03.2025;Sport Utility VehiHealthy Fast Food Chainle Sales;Sister Home Sellers;0.222
04.03.2025;Sport Utility VehiHealthy Fast Food Chainle Sales;Planet Hypothesis;0.337
04.03.2025;Sport Utility VehiHealthy Fast Food Chainle Sales;Planet Hypothesis;0.337
04.03.2025;Sport Utility VehiHealthy Fast Food Chainle Sales;ER Drama;0.605
04.03.2025;Sport Utility VehiHealthy Fast Food Chainle Sales;ER Drama;0.605
04.10.2025;Healthy Fast Food Chain;Together Forever;-0.054
04.10.2025;Healthy Fast Food Chain;Waltzing with the Famous;0.427
04.10.2025;Healthy Fast Food Chain;Orlando Vice;0.355
04.10.2025;Healthy Fast Food Chain;Maui Five Ten;0.422
04.10.2025;Healthy Fast Food Chain;Maui Five Ten;0.422
04.10.2025;Healthy Fast Food Chain;Neighborhood Patrol;0.511
04.10.2025;Healthy Fast Food Chain;Family Fraud;0.028
04.10.2025;Healthy Fast Food Chain;I Love Betty;-0.045
04.10.2025;Healthy Fast Food Chain;Freaky Vacations;0.221
04.10.2025;Healthy Fast Food Chain;The Young and the Reckless;0.101
04.10.2025;Healthy Fast Food Chain;Nightly News Stories;0.224
04.10.2025;Healthy Fast Food Chain;Fix and Flip;0.021
04.10.2025;Healthy Fast Food Chain;Fix and Flip;0.021
04.10.2025;Healthy Fast Food Chain;Portable Homes;0.067
04.10.2025;Healthy Fast Food Chain;Portable Homes;0.067
04.10.2025;Healthy Fast Food Chain;Sister Home Sellers;0.222
04.10.2025;Healthy Fast Food Chain;Planet Hypothesis;0.337
04.10.2025;Healthy Fast Food Chain;Planet Hypothesis;0.337
04.10.2025;Popular Soft Drink;Maui Five Ten;0.422
04.10.2025;Retail Big Box Store;Together Forever;-0.054
04.10.2025;Retail Big Box Store;Together Forever;-0.054
04.10.2025;Retail Big Box Store;Orlando Vice;0.355
04.10.2025;Retail Big Box Store;Orlando Vice;0.355
04.10.2025;Retail Big Box Store;Maui Five Ten;0.422
04.10.2025;Retail Big Box Store;Neighborhood Patrol;0.511
04.10.2025;Retail Big Box Store;Family Fraud;0.028
04.10.2025;Retail Big Box Store;Travel the World;0.654
04.10.2025;Retail Big Box Store;Freaky Vacations;0.221
04.10.2025;Retail Big Box Store;The Young and the Reckless;0.101
04.10.2025;Retail Big Box Store;The Evening Show;0.68
04.10.2025;Retail Big Box Store;Tonight Tonight;0.082
04.10.2025;Retail Big Box Store;Late Hours;0.083
04.10.2025;Retail Big Box Store;Late Hours;0.083
04.10.2025;Retail Big Box Store;Nightly News Stories;0.224
04.10.2025;Retail Big Box Store;Fix and Flip;0.021
04.10.2025;Retail Big Box Store;Fix and Flip;0.021
04.10.2025;Retail Big Box Store;Portable Homes;0.067
04.10.2025;Retail Big Box Store;Portable Homes;0.067
04.10.2025;Retail Big Box Store;Sister Home Sellers;0.222
04.10.2025;Retail Big Box Store;Sister Home Sellers;0.222
04.10.2025;Retail Big Box Store;Planet Hypothesis;0.337
04.10.2025;Retail Big Box Store;Planet Hypothesis;0.337
04.10.2025;Sport Utility VehiHealthy Fast Food Chainle Sales;Together Forever;-0.054
04.10.2025;Sport Utility VehiHealthy Fast Food Chainle Sales;Together Forever;-0.054
04.10.2025;Sport Utility VehiHealthy Fast Food Chainle Sales;Waltzing with the Famous;0.427
04.10.2025;Sport Utility VehiHealthy Fast Food Chainle Sales;Waltzing with the Famous;0.427
04.10.2025;Sport Utility VehiHealthy Fast Food Chainle Sales;Orlando Vice;0.355
04.10.2025;Sport Utility VehiHealthy Fast Food Chainle Sales;Orlando Vice;0.355
04.10.2025;Sport Utility VehiHealthy Fast Food Chainle Sales;Maui Five Ten;0.422
04.10.2025;Sport Utility VehiHealthy Fast Food Chainle Sales;Maui Five Ten;0.422
04.10.2025;Sport Utility VehiHealthy Fast Food Chainle Sales;Neighborhood Patrol;0.511
04.10.2025;Sport Utility VehiHealthy Fast Food Chainle Sales;Neighborhood Patrol;0.511
04.10.2025;Sport Utility VehiHealthy Fast Food Chainle Sales;Family Fraud;0.028
04.10.2025;Sport Utility VehiHealthy Fast Food Chainle Sales;I Love Betty;-0.045
04.10.2025;Sport Utility VehiHealthy Fast Food Chainle Sales;I Love Betty;-0.045
04.10.2025;Sport Utility VehiHealthy Fast Food Chainle Sales;Travel the World;0.654
04.10.2025;Sport Utility VehiHealthy Fast Food Chainle Sales;The Young and the Reckless;0.101
04.10.2025;Sport Utility VehiHealthy Fast Food Chainle Sales;The Young and the Reckless;0.101
04.10.2025;Sport Utility VehiHealthy Fast Food Chainle Sales;The Evening Show;0.68
04.10.2025;Sport Utility VehiHealthy Fast Food Chainle Sales;Tonight Tonight;0.082
04.10.2025;Sport Utility VehiHealthy Fast Food Chainle Sales;Tonight Tonight;0.082
04.10.2025;Sport Utility VehiHealthy Fast Food Chainle Sales;Nightly News Stories;0.224
04.10.2025;Sport Utility VehiHealthy Fast Food Chainle Sales;Nightly News Stories;0.224
04.10.2025;Sport Utility VehiHealthy Fast Food Chainle Sales;Fix and Flip;0.021
04.10.2025;Sport Utility VehiHealthy Fast Food Chainle Sales;Fix and Flip;0.021
04.10.2025;Sport Utility VehiHealthy Fast Food Chainle Sales;Portable Homes;0.067
04.10.2025;Sport Utility VehiHealthy Fast Food Chainle Sales;Portable Homes;0.067
04.10.2025;Sport Utility VehiHealthy Fast Food Chainle Sales;Sister Home Sellers;0.222
04.10.2025;Sport Utility VehiHealthy Fast Food Chainle Sales;Sister Home Sellers;0.222
04.10.2025;Sport Utility VehiHealthy Fast Food Chainle Sales;Planet Hypothesis;0.337
04.10.2025;Sport Utility VehiHealthy Fast Food Chainle Sales;Planet Hypothesis;0.337
4.17.2025;Healthy Fast Food Chain;Waltzing with the Famous;0.427
4.17.2025;Healthy Fast Food Chain;Waltzing with the Famous;0.427
4.17.2025;Healthy Fast Food Chain;Orlando Vice;0.355
4.17.2025;Healthy Fast Food Chain;Maui Five Ten;0.422
4.17.2025;Healthy Fast Food Chain;Neighborhood Patrol;0.511
4.17.2025;Healthy Fast Food Chain;Family Fraud;0.028
4.17.2025;Healthy Fast Food Chain;I Love Betty;-0.045
4.17.2025;Healthy Fast Food Chain;Freaky Vacations;0.221
4.17.2025;Healthy Fast Food Chain;The Young and the Reckless;0.101
4.17.2025;Healthy Fast Food Chain;Nightly News Stories;0.224
4.17.2025;Healthy Fast Food Chain;Nightly News Stories;0.224
4.17.2025;Healthy Fast Food Chain;Fix and Flip;0.021
4.17.2025;Healthy Fast Food Chain;Fix and Flip;0.021
4.17.2025;Healthy Fast Food Chain;Portable Homes;0.067
4.17.2025;Healthy Fast Food Chain;Portable Homes;0.067
4.17.2025;Healthy Fast Food Chain;Sister Home Sellers;0.222
4.17.2025;Healthy Fast Food Chain;Sister Home Sellers;0.222
4.17.2025;Healthy Fast Food Chain;Planet Hypothesis;0.337
4.17.2025;Healthy Fast Food Chain;ER Drama;0.605
4.17.2025;Popular Soft Drink;Fix and Flip;0.021
4.17.2025;Popular Soft Drink;Sister Home Sellers;0.222
4.17.2025;Retail Big Box Store;Together Forever;-0.054
4.17.2025;Retail Big Box Store;Orlando Vice;0.355
4.17.2025;Retail Big Box Store;Orlando Vice;0.355
4.17.2025;Retail Big Box Store;Maui Five Ten;0.422
4.17.2025;Retail Big Box Store;Neighborhood Patrol;0.511
4.17.2025;Retail Big Box Store;Family Fraud;0.028
4.17.2025;Retail Big Box Store;Travel the World;0.654
4.17.2025;Retail Big Box Store;Freaky Vacations;0.221
4.17.2025;Retail Big Box Store;The Young and the Reckless;0.101
4.17.2025;Retail Big Box Store;The Young and the Reckless;0.101
4.17.2025;Retail Big Box Store;Tonight Tonight;0.082
4.17.2025;Retail Big Box Store;Late Hours;0.083
4.17.2025;Retail Big Box Store;Late Hours;0.083
4.17.2025;Retail Big Box Store;Nightly News Stories;0.224
4.17.2025;Retail Big Box Store;Fix and Flip;0.021
4.17.2025;Retail Big Box Store;Fix and Flip;0.021
4.17.2025;Retail Big Box Store;Portable Homes;0.067
4.17.2025;Retail Big Box Store;Sister Home Sellers;0.222
4.17.2025;Retail Big Box Store;Sister Home Sellers;0.222
4.17.2025;Retail Big Box Store;Planet Hypothesis;0.337
4.17.2025;Retail Big Box Store;Planet Hypothesis;0.337
4.17.2025;Retail Big Box Store;ER Drama;0.605
4.17.2025;Sport Utility VehiHealthy Fast Food Chainle Sales;Together Forever;-0.054
4.17.2025;Sport Utility VehiHealthy Fast Food Chainle Sales;Together Forever;-0.054
4.17.2025;Sport Utility VehiHealthy Fast Food Chainle Sales;Waltzing with the Famous;0.427
4.17.2025;Sport Utility VehiHealthy Fast Food Chainle Sales;Waltzing with the Famous;0.427
4.17.2025;Sport Utility VehiHealthy Fast Food Chainle Sales;Orlando Vice;0.355
4.17.2025;Sport Utility VehiHealthy Fast Food Chainle Sales;Orlando Vice;0.355
4.17.2025;Sport Utility VehiHealthy Fast Food Chainle Sales;Maui Five Ten;0.422
4.17.2025;Sport Utility VehiHealthy Fast Food Chainle Sales;Family Fraud;0.028
4.17.2025;Sport Utility VehiHealthy Fast Food Chainle Sales;I Love Betty;-0.045
4.17.2025;Sport Utility VehiHealthy Fast Food Chainle Sales;I Love Betty;-0.045
4.17.2025;Sport Utility VehiHealthy Fast Food Chainle Sales;Travel the World;0.654
4.17.2025;Sport Utility VehiHealthy Fast Food Chainle Sales;Freaky Vacations;0.221
4.17.2025;Sport Utility VehiHealthy Fast Food Chainle Sales;The Young and the Reckless;0.101
4.17.2025;Sport Utility VehiHealthy Fast Food Chainle Sales;The Evening Show;0.68
4.17.2025;Sport Utility VehiHealthy Fast Food Chainle Sales;Tonight Tonight;0.082
4.17.2025;Sport Utility VehiHealthy Fast Food Chainle Sales;Tonight Tonight;0.082
4.17.2025;Sport Utility VehiHealthy Fast Food Chainle Sales;Late Hours;0.083
4.17.2025;Sport Utility VehiHealthy Fast Food Chainle Sales;Nightly News Stories;0.224
4.17.2025;Sport Utility VehiHealthy Fast Food Chainle Sales;Nightly News Stories;0.224
4.17.2025;Sport Utility VehiHealthy Fast Food Chainle Sales;Fix and Flip;0.021
4.17.2025;Sport Utility VehiHealthy Fast Food Chainle Sales;Fix and Flip;0.021
4.17.2025;Sport Utility VehiHealthy Fast Food Chainle Sales;Portable Homes;0.067
4.17.2025;Sport Utility VehiHealthy Fast Food Chainle Sales;Portable Homes;0.067
4.17.2025;Sport Utility VehiHealthy Fast Food Chainle Sales;Sister Home Sellers;0.222
4.17.2025;Sport Utility VehiHealthy Fast Food Chainle Sales;Sister Home Sellers;0.222
4.17.2025;Sport Utility VehiHealthy Fast Food Chainle Sales;Planet Hypothesis;0.337
4.17.2025;Sport Utility VehiHealthy Fast Food Chainle Sales;Planet Hypothesis;0.337
4.17.2025;Sport Utility VehiHealthy Fast Food Chainle Sales;ER Drama;0.605
4.24.2025;Healthy Fast Food Chain;Together Forever;0.023
4.24.2025;Healthy Fast Food Chain;Waltzing with the Famous;0.499
4.24.2025;Healthy Fast Food Chain;Fix and Flip;0.11
4.24.2025;Healthy Fast Food Chain;Portable Homes;0.064
4.24.2025;Healthy Fast Food Chain;Sister Home Sellers;0.391
4.24.2025;Healthy Fast Food Chain;Planet Hypothesis;0.224
4.24.2025;Healthy Fast Food Chain;ER Drama;0.523
4.24.2025;Popular Soft Drink;Maui Five Ten;0.344
4.24.2025;Popular Soft Drink;Sister Home Sellers;0.391
4.24.2025;Retail Big Box Store;Together Forever;0.023
4.24.2025;Retail Big Box Store;Orlando Vice;0.165
4.24.2025;Retail Big Box Store;Orlando Vice;0.165
4.24.2025;Retail Big Box Store;Maui Five Ten;0.344
4.24.2025;Retail Big Box Store;Family Fraud;0.022
4.24.2025;Retail Big Box Store;Family Fraud;0.022
4.24.2025;Retail Big Box Store;The Young and the Reckless;0.041
4.24.2025;Retail Big Box Store;The Young and the Reckless;0.041
4.24.2025;Retail Big Box Store;The Evening Show;0.61
4.24.2025;Retail Big Box Store;Tonight Tonight;0.135
4.24.2025;Retail Big Box Store;Late Hours;0.038
4.24.2025;Retail Big Box Store;Late Hours;0.038
4.24.2025;Retail Big Box Store;Nightly News Stories;0.217
4.24.2025;Retail Big Box Store;Fix and Flip;0.11
4.24.2025;Retail Big Box Store;Fix and Flip;0.11
4.24.2025;Retail Big Box Store;Portable Homes;0.064
4.24.2025;Retail Big Box Store;Sister Home Sellers;0.391
4.24.2025;Retail Big Box Store;Sister Home Sellers;0.391
4.24.2025;Retail Big Box Store;Planet Hypothesis;0.224
4.24.2025;Retail Big Box Store;Planet Hypothesis;0.224
4.24.2025;Retail Big Box Store;ER Drama;0.523
4.24.2025;Sport Utility VehiHealthy Fast Food Chainle Sales;Together Forever;0.023
4.24.2025;Sport Utility VehiHealthy Fast Food Chainle Sales;Together Forever;0.023
4.24.2025;Sport Utility VehiHealthy Fast Food Chainle Sales;Waltzing with the Famous;0.499
4.24.2025;Sport Utility VehiHealthy Fast Food Chainle Sales;Waltzing with the Famous;0.499
4.24.2025;Sport Utility VehiHealthy Fast Food Chainle Sales;Orlando Vice;0.165
4.24.2025;Sport Utility VehiHealthy Fast Food Chainle Sales;Maui Five Ten;0.344
4.24.2025;Sport Utility VehiHealthy Fast Food Chainle Sales;Family Fraud;0.022
4.24.2025;Sport Utility VehiHealthy Fast Food Chainle Sales;I Love Betty;0.065
4.24.2025;Sport Utility VehiHealthy Fast Food Chainle Sales;I Love Betty;0.065
4.24.2025;Sport Utility VehiHealthy Fast Food Chainle Sales;Travel the World;0.56
4.24.2025;Sport Utility VehiHealthy Fast Food Chainle Sales;The Young and the Reckless;0.041
4.24.2025;Sport Utility VehiHealthy Fast Food Chainle Sales;Tonight Tonight;0.135
4.24.2025;Sport Utility VehiHealthy Fast Food Chainle Sales;Tonight Tonight;0.135
4.24.2025;Sport Utility VehiHealthy Fast Food Chainle Sales;Nightly News Stories;0.217
4.24.2025;Sport Utility VehiHealthy Fast Food Chainle Sales;Nightly News Stories;0.217
4.24.2025;Sport Utility VehiHealthy Fast Food Chainle Sales;Fix and Flip;0.11
4.24.2025;Sport Utility VehiHealthy Fast Food Chainle Sales;Fix and Flip;0.11
4.24.2025;Sport Utility VehiHealthy Fast Food Chainle Sales;Portable Homes;0.064
4.24.2025;Sport Utility VehiHealthy Fast Food Chainle Sales;Portable Homes;0.064
4.24.2025;Sport Utility VehiHealthy Fast Food Chainle Sales;Sister Home Sellers;0.391
4.24.2025;Sport Utility VehiHealthy Fast Food Chainle Sales;Sister Home Sellers;0.391
4.24.2025;Sport Utility VehiHealthy Fast Food Chainle Sales;Planet Hypothesis;0.224
4.24.2025;Sport Utility VehiHealthy Fast Food Chainle Sales;Planet Hypothesis;0.224
4.24.2025;Sport Utility VehiHealthy Fast Food Chainle Sales;ER Drama;0.523
05.01.2025;Healthy Fast Food Chain;Together Forever;0.023
05.01.2025;Healthy Fast Food Chain;Waltzing with the Famous;0.499
05.01.2025;Healthy Fast Food Chain;Waltzing with the Famous;0.499
05.01.2025;Healthy Fast Food Chain;Orlando Vice;0.165
05.01.2025;Healthy Fast Food Chain;Orlando Vice;0.165
05.01.2025;Healthy Fast Food Chain;Rescue Squad;0.581
05.01.2025;Healthy Fast Food Chain;Family Fraud;0.022
05.01.2025;Healthy Fast Food Chain;I Love Betty;0.065
05.01.2025;Healthy Fast Food Chain;Freaky Vacations;0.184
05.01.2025;Healthy Fast Food Chain;The Young and the Reckless;0.041
05.01.2025;Healthy Fast Food Chain;Nightly News Stories;0.217
05.01.2025;Healthy Fast Food Chain;Fix and Flip;0.11
05.01.2025;Healthy Fast Food Chain;Fix and Flip;0.11
05.01.2025;Healthy Fast Food Chain;Portable Homes;0.064
05.01.2025;Healthy Fast Food Chain;Portable Homes;0.064
05.01.2025;Healthy Fast Food Chain;Sister Home Sellers;0.391
05.01.2025;Healthy Fast Food Chain;Planet Hypothesis;0.224
05.01.2025;Healthy Fast Food Chain;Planet Hypothesis;0.224
05.01.2025;Healthy Fast Food Chain;ER Drama;0.523
05.01.2025;Home Cleaning Product;Planet Hypothesis;0.224
05.01.2025;Popular Soft Drink;Maui Five Ten;0.344
05.01.2025;Popular Soft Drink;Fix and Flip;0.11
05.01.2025;Popular Soft Drink;Sister Home Sellers;0.391
05.01.2025;Retail Big Box Store;Together Forever;0.023
05.01.2025;Retail Big Box Store;Orlando Vice;0.165
05.01.2025;Retail Big Box Store;Orlando Vice;0.165
05.01.2025;Retail Big Box Store;Maui Five Ten;0.344
05.01.2025;Retail Big Box Store;Neighborhood Patrol;0.65
05.01.2025;Retail Big Box Store;Family Fraud;0.022
05.01.2025;Retail Big Box Store;Freaky Vacations;0.184
05.01.2025;Retail Big Box Store;The Young and the Reckless;0.041
05.01.2025;Retail Big Box Store;The Young and the Reckless;0.041
05.01.2025;Retail Big Box Store;The Evening Show;0.61
05.01.2025;Retail Big Box Store;Late Hours;0.038
05.01.2025;Retail Big Box Store;Nightly News Stories;0.217
05.01.2025;Retail Big Box Store;Fix and Flip;0.11
05.01.2025;Retail Big Box Store;Fix and Flip;0.11
05.01.2025;Retail Big Box Store;Sister Home Sellers;0.391
05.01.2025;Retail Big Box Store;Sister Home Sellers;0.391
05.01.2025;Retail Big Box Store;Planet Hypothesis;0.224
05.01.2025;Retail Big Box Store;Planet Hypothesis;0.224
05.01.2025;Sport Utility VehiHealthy Fast Food Chainle Sales;Together Forever;0.023
05.01.2025;Sport Utility VehiHealthy Fast Food Chainle Sales;Together Forever;0.023
05.01.2025;Sport Utility VehiHealthy Fast Food Chainle Sales;Waltzing with the Famous;0.499
05.01.2025;Sport Utility VehiHealthy Fast Food Chainle Sales;Orlando Vice;0.165
05.01.2025;Sport Utility VehiHealthy Fast Food Chainle Sales;Orlando Vice;0.165
05.01.2025;Sport Utility VehiHealthy Fast Food Chainle Sales;Maui Five Ten;0.344
05.01.2025;Sport Utility VehiHealthy Fast Food Chainle Sales;Rescue Squad;0.581
05.01.2025;Sport Utility VehiHealthy Fast Food Chainle Sales;Rescue Squad;0.581
05.01.2025;Sport Utility VehiHealthy Fast Food Chainle Sales;Family Fraud;0.022
05.01.2025;Sport Utility VehiHealthy Fast Food Chainle Sales;I Love Betty;0.065
05.01.2025;Sport Utility VehiHealthy Fast Food Chainle Sales;I Love Betty;0.065
05.01.2025;Sport Utility VehiHealthy Fast Food Chainle Sales;Travel the World;0.56
05.01.2025;Sport Utility VehiHealthy Fast Food Chainle Sales;Travel the World;0.56
05.01.2025;Sport Utility VehiHealthy Fast Food Chainle Sales;Freaky Vacations;0.184
05.01.2025;Sport Utility VehiHealthy Fast Food Chainle Sales;The Young and the Reckless;0.041
05.01.2025;Sport Utility VehiHealthy Fast Food Chainle Sales;The Young and the Reckless;0.041
05.01.2025;Sport Utility VehiHealthy Fast Food Chainle Sales;The Evening Show;0.61
05.01.2025;Sport Utility VehiHealthy Fast Food Chainle Sales;Late Hours;0.038
05.01.2025;Sport Utility VehiHealthy Fast Food Chainle Sales;Nightly News Stories;0.217
05.01.2025;Sport Utility VehiHealthy Fast Food Chainle Sales;Nightly News Stories;0.217
05.01.2025;Sport Utility VehiHealthy Fast Food Chainle Sales;Fix and Flip;0.11
05.01.2025;Sport Utility VehiHealthy Fast Food Chainle Sales;Fix and Flip;0.11
05.01.2025;Sport Utility VehiHealthy Fast Food Chainle Sales;Portable Homes;0.064
05.01.2025;Sport Utility VehiHealthy Fast Food Chainle Sales;Sister Home Sellers;0.391
05.01.2025;Sport Utility VehiHealthy Fast Food Chainle Sales;Sister Home Sellers;0.391
05.01.2025;Sport Utility VehiHealthy Fast Food Chainle Sales;Planet Hypothesis;0.224
05.01.2025;Sport Utility VehiHealthy Fast Food Chainle Sales;Planet Hypothesis;0.224
05.01.2025;Sport Utility VehiHealthy Fast Food Chainle Sales;ER Drama;0.523
05.08.2025;Healthy Fast Food Chain;Together Forever;0.023
05.08.2025;Healthy Fast Food Chain;Together Forever;0.023
05.08.2025;Healthy Fast Food Chain;Waltzing with the Famous;0.499
05.08.2025;Healthy Fast Food Chain;Orlando Vice;0.165
05.08.2025;Healthy Fast Food Chain;Orlando Vice;0.165
05.08.2025;Healthy Fast Food Chain;Family Fraud;0.022
05.08.2025;Healthy Fast Food Chain;I Love Betty;0.065
05.08.2025;Healthy Fast Food Chain;Freaky Vacations;0.184
05.08.2025;Healthy Fast Food Chain;The Young and the Reckless;0.041
05.08.2025;Healthy Fast Food Chain;Nightly News Stories;0.217
05.08.2025;Healthy Fast Food Chain;Fix and Flip;0.11
05.08.2025;Healthy Fast Food Chain;Fix and Flip;0.11
05.08.2025;Healthy Fast Food Chain;Portable Homes;0.064
05.08.2025;Healthy Fast Food Chain;Portable Homes;0.064
05.08.2025;Healthy Fast Food Chain;Sister Home Sellers;0.391
05.08.2025;Healthy Fast Food Chain;Sister Home Sellers;0.391
05.08.2025;Healthy Fast Food Chain;Planet Hypothesis;0.224
05.08.2025;Home Cleaning Product;Orlando Vice;0.165
05.08.2025;Home Cleaning Product;Maui Five Ten;0.344
05.08.2025;Home Cleaning Product;Late Hours;0.038
05.08.2025;Home Cleaning Product;Fix and Flip;0.11
05.08.2025;Home Cleaning Product;Planet Hypothesis;0.224
05.08.2025;Popular Soft Drink;Maui Five Ten;0.344
05.08.2025;Retail Big Box Store;Together Forever;0.023
05.08.2025;Retail Big Box Store;Waltzing with the Famous;0.499
05.08.2025;Retail Big Box Store;Orlando Vice;0.165
05.08.2025;Retail Big Box Store;Orlando Vice;0.165
05.08.2025;Retail Big Box Store;Maui Five Ten;0.344
05.08.2025;Retail Big Box Store;Neighborhood Patrol;0.65
05.08.2025;Retail Big Box Store;Family Fraud;0.022
05.08.2025;Retail Big Box Store;Travel the World;0.56
05.08.2025;Retail Big Box Store;Freaky Vacations;0.184
05.08.2025;Retail Big Box Store;The Young and the Reckless;0.041
05.08.2025;Retail Big Box Store;The Young and the Reckless;0.041
05.08.2025;Retail Big Box Store;The Evening Show;0.61
05.08.2025;Retail Big Box Store;Late Hours;0.038
05.08.2025;Retail Big Box Store;Nightly News Stories;0.217
05.08.2025;Retail Big Box Store;Fix and Flip;0.11
05.08.2025;Retail Big Box Store;Fix and Flip;0.11
05.08.2025;Retail Big Box Store;Sister Home Sellers;0.391
05.08.2025;Retail Big Box Store;Sister Home Sellers;0.391
05.08.2025;Retail Big Box Store;Planet Hypothesis;0.224
05.08.2025;Retail Big Box Store;Planet Hypothesis;0.224
05.08.2025;Retail Big Box Store;ER Drama;0.523
05.08.2025;Sport Utility VehiHealthy Fast Food Chainle Sales;Together Forever;0.023
05.08.2025;Sport Utility VehiHealthy Fast Food Chainle Sales;Together Forever;0.023
05.08.2025;Sport Utility VehiHealthy Fast Food Chainle Sales;Waltzing with the Famous;0.499
05.08.2025;Sport Utility VehiHealthy Fast Food Chainle Sales;Orlando Vice;0.165
05.08.2025;Sport Utility VehiHealthy Fast Food Chainle Sales;Orlando Vice;0.165
05.08.2025;Sport Utility VehiHealthy Fast Food Chainle Sales;Maui Five Ten;0.344
05.08.2025;Sport Utility VehiHealthy Fast Food Chainle Sales;Family Fraud;0.022
05.08.2025;Sport Utility VehiHealthy Fast Food Chainle Sales;I Love Betty;0.065
05.08.2025;Sport Utility VehiHealthy Fast Food Chainle Sales;I Love Betty;0.065
05.08.2025;Sport Utility VehiHealthy Fast Food Chainle Sales;Travel the World;0.56
05.08.2025;Sport Utility VehiHealthy Fast Food Chainle Sales;Freaky Vacations;0.184
05.08.2025;Sport Utility VehiHealthy Fast Food Chainle Sales;The Young and the Reckless;0.041
05.08.2025;Sport Utility VehiHealthy Fast Food Chainle Sales;The Young and the Reckless;0.041
05.08.2025;Sport Utility VehiHealthy Fast Food Chainle Sales;The Evening Show;0.61
05.08.2025;Sport Utility VehiHealthy Fast Food Chainle Sales;The Evening Show;0.61
05.08.2025;Sport Utility VehiHealthy Fast Food Chainle Sales;Tonight Tonight;0.135
05.08.2025;Sport Utility VehiHealthy Fast Food Chainle Sales;Late Hours;0.038
05.08.2025;Sport Utility VehiHealthy Fast Food Chainle Sales;Nightly News Stories;0.217
05.08.2025;Sport Utility VehiHealthy Fast Food Chainle Sales;Nightly News Stories;0.217
05.08.2025;Sport Utility VehiHealthy Fast Food Chainle Sales;Fix and Flip;0.11
05.08.2025;Sport Utility VehiHealthy Fast Food Chainle Sales;Fix and Flip;0.11
05.08.2025;Sport Utility VehiHealthy Fast Food Chainle Sales;Portable Homes;0.064
05.08.2025;Sport Utility VehiHealthy Fast Food Chainle Sales;Portable Homes;0.064
05.08.2025;Sport Utility VehiHealthy Fast Food Chainle Sales;Sister Home Sellers;0.391
05.08.2025;Sport Utility VehiHealthy Fast Food Chainle Sales;Sister Home Sellers;0.391
05.08.2025;Sport Utility VehiHealthy Fast Food Chainle Sales;Planet Hypothesis;0.224
05.08.2025;Sport Utility VehiHealthy Fast Food Chainle Sales;Planet Hypothesis;0.224
05.08.2025;Sport Utility VehiHealthy Fast Food Chainle Sales;ER Drama;0.523
5.15.2025;Healthy Fast Food Chain;Together Forever;0.023
5.15.2025;Healthy Fast Food Chain;Waltzing with the Famous;0.499
5.15.2025;Healthy Fast Food Chain;Waltzing with the Famous;0.499
5.15.2025;Healthy Fast Food Chain;Orlando Vice;0.165
5.15.2025;Healthy Fast Food Chain;Maui Five Ten;0.344
5.15.2025;Healthy Fast Food Chain;Maui Five Ten;0.344
5.15.2025;Healthy Fast Food Chain;I Love Betty;0.065
5.15.2025;Healthy Fast Food Chain;Freaky Vacations;0.184
5.15.2025;Healthy Fast Food Chain;The Young and the Reckless;0.041
5.15.2025;Healthy Fast Food Chain;Nightly News Stories;0.217
5.15.2025;Healthy Fast Food Chain;Fix and Flip;0.11
5.15.2025;Healthy Fast Food Chain;Fix and Flip;0.11
5.15.2025;Healthy Fast Food Chain;Portable Homes;0.064
5.15.2025;Healthy Fast Food Chain;Sister Home Sellers;0.391
5.15.2025;Healthy Fast Food Chain;Planet Hypothesis;0.224
5.15.2025;Healthy Fast Food Chain;Planet Hypothesis;0.224
5.15.2025;Home Cleaning Product;Orlando Vice;0.165
5.15.2025;Home Cleaning Product;Maui Five Ten;0.344
5.15.2025;Home Cleaning Product;Freaky Vacations;0.184
5.15.2025;Home Cleaning Product;Late Hours;0.038
5.15.2025;Home Cleaning Product;Nightly News Stories;0.217
5.15.2025;Home Cleaning Product;Fix and Flip;0.11
5.15.2025;Home Cleaning Product;Planet Hypothesis;0.224
5.15.2025;Popular Soft Drink;Fix and Flip;0.11
5.15.2025;Popular Soft Drink;Sister Home Sellers;0.391
5.15.2025;Retail Big Box Store;Together Forever;0.023
5.15.2025;Retail Big Box Store;Waltzing with the Famous;0.499
5.15.2025;Retail Big Box Store;Waltzing with the Famous;0.499
5.15.2025;Retail Big Box Store;Orlando Vice;0.165
5.15.2025;Retail Big Box Store;Orlando Vice;0.165
5.15.2025;Retail Big Box Store;Maui Five Ten;0.344
5.15.2025;Retail Big Box Store;Neighborhood Patrol;0.65
5.15.2025;Retail Big Box Store;Family Fraud;0.022
5.15.2025;Retail Big Box Store;Freaky Vacations;0.184
5.15.2025;Retail Big Box Store;Freaky Vacations;0.184
5.15.2025;Retail Big Box Store;The Young and the Reckless;0.041
5.15.2025;Retail Big Box Store;The Young and the Reckless;0.041
5.15.2025;Retail Big Box Store;Tonight Tonight;0.135
5.15.2025;Retail Big Box Store;Late Hours;0.038
5.15.2025;Retail Big Box Store;Late Hours;0.038
5.15.2025;Retail Big Box Store;Nightly News Stories;0.217
5.15.2025;Retail Big Box Store;Fix and Flip;0.11
5.15.2025;Retail Big Box Store;Fix and Flip;0.11
5.15.2025;Retail Big Box Store;Portable Homes;0.064
5.15.2025;Retail Big Box Store;Portable Homes;0.064
5.15.2025;Retail Big Box Store;Sister Home Sellers;0.391
5.15.2025;Retail Big Box Store;Sister Home Sellers;0.391
5.15.2025;Retail Big Box Store;Planet Hypothesis;0.224
5.15.2025;Retail Big Box Store;Planet Hypothesis;0.224
5.15.2025;Sport Utility VehiHealthy Fast Food Chainle Sales;Together Forever;0.023
5.15.2025;Sport Utility VehiHealthy Fast Food Chainle Sales;Together Forever;0.023
5.15.2025;Sport Utility VehiHealthy Fast Food Chainle Sales;Waltzing with the Famous;0.499
5.15.2025;Sport Utility VehiHealthy Fast Food Chainle Sales;Waltzing with the Famous;0.499
5.15.2025;Sport Utility VehiHealthy Fast Food Chainle Sales;Orlando Vice;0.165
5.15.2025;Sport Utility VehiHealthy Fast Food Chainle Sales;Orlando Vice;0.165
5.15.2025;Sport Utility VehiHealthy Fast Food Chainle Sales;Maui Five Ten;0.344
5.15.2025;Sport Utility VehiHealthy Fast Food Chainle Sales;Maui Five Ten;0.344
5.15.2025;Sport Utility VehiHealthy Fast Food Chainle Sales;Neighborhood Patrol;0.65
5.15.2025;Sport Utility VehiHealthy Fast Food Chainle Sales;Family Fraud;0.022
5.15.2025;Sport Utility VehiHealthy Fast Food Chainle Sales;I Love Betty;0.065
5.15.2025;Sport Utility VehiHealthy Fast Food Chainle Sales;I Love Betty;0.065
5.15.2025;Sport Utility VehiHealthy Fast Food Chainle Sales;The Young and the Reckless;0.041
5.15.2025;Sport Utility VehiHealthy Fast Food Chainle Sales;Late Hours;0.038
5.15.2025;Sport Utility VehiHealthy Fast Food Chainle Sales;Nightly News Stories;0.217
5.15.2025;Sport Utility VehiHealthy Fast Food Chainle Sales;Fix and Flip;0.11
5.15.2025;Sport Utility VehiHealthy Fast Food Chainle Sales;Fix and Flip;0.11
5.15.2025;Sport Utility VehiHealthy Fast Food Chainle Sales;Portable Homes;0.064
5.15.2025;Sport Utility VehiHealthy Fast Food Chainle Sales;Portable Homes;0.064
5.15.2025;Sport Utility VehiHealthy Fast Food Chainle Sales;Sister Home Sellers;0.391
5.15.2025;Sport Utility VehiHealthy Fast Food Chainle Sales;Planet Hypothesis;0.224
5.15.2025;Sport Utility VehiHealthy Fast Food Chainle Sales;Planet Hypothesis;0.224
5.22.2025;Healthy Fast Food Chain;Waltzing with the Famous;0.499
5.22.2025;Healthy Fast Food Chain;Waltzing with the Famous;0.499
5.22.2025;Healthy Fast Food Chain;Orlando Vice;0.165
5.22.2025;Healthy Fast Food Chain;Maui Five Ten;0.344
5.22.2025;Healthy Fast Food Chain;Family Fraud;0.022
5.22.2025;Healthy Fast Food Chain;I Love Betty;0.065
5.22.2025;Healthy Fast Food Chain;Travel the World;0.56
5.22.2025;Healthy Fast Food Chain;Travel the World;0.56
5.22.2025;Healthy Fast Food Chain;Tours of the Wild West;0.245
5.22.2025;Healthy Fast Food Chain;Freaky Vacations;0.184
5.22.2025;Healthy Fast Food Chain;The Young and the Reckless;0.041
5.22.2025;Healthy Fast Food Chain;Nightly News Stories;0.217
5.22.2025;Healthy Fast Food Chain;Fix and Flip;0.11
5.22.2025;Healthy Fast Food Chain;Fix and Flip;0.11
5.22.2025;Healthy Fast Food Chain;Portable Homes;0.064
5.22.2025;Healthy Fast Food Chain;Portable Homes;0.064
5.22.2025;Healthy Fast Food Chain;Sister Home Sellers;0.391
5.22.2025;Healthy Fast Food Chain;Planet Hypothesis;0.224
5.22.2025;Healthy Fast Food Chain;Planet Hypothesis;0.224
5.22.2025;Healthy Fast Food Chain;ER Drama;0.523
5.22.2025;Home Cleaning Product;Together Forever;0.023
5.22.2025;Home Cleaning Product;Orlando Vice;0.165
5.22.2025;Home Cleaning Product;Maui Five Ten;0.344
5.22.2025;Home Cleaning Product;Late Hours;0.038
5.22.2025;Home Cleaning Product;Fix and Flip;0.11
5.22.2025;Home Cleaning Product;Planet Hypothesis;0.224
5.22.2025;Popular Soft Drink;Maui Five Ten;0.344
5.22.2025;Retail Big Box Store;Together Forever;0.023
5.22.2025;Retail Big Box Store;Orlando Vice;0.165
5.22.2025;Retail Big Box Store;Orlando Vice;0.165
5.22.2025;Retail Big Box Store;Maui Five Ten;0.344
5.22.2025;Retail Big Box Store;Family Fraud;0.022
5.22.2025;Retail Big Box Store;Travel the World;0.56
5.22.2025;Retail Big Box Store;Travel the World;0.56
5.22.2025;Retail Big Box Store;Tours of the Wild West;0.245
5.22.2025;Retail Big Box Store;Freaky Vacations;0.184
5.22.2025;Retail Big Box Store;The Young and the Reckless;0.041
5.22.2025;Retail Big Box Store;The Young and the Reckless;0.041
5.22.2025;Retail Big Box Store;Tonight Tonight;0.135
5.22.2025;Retail Big Box Store;Late Hours;0.038
5.22.2025;Retail Big Box Store;Late Hours;0.038
5.22.2025;Retail Big Box Store;Nightly News Stories;0.217
5.22.2025;Retail Big Box Store;Fix and Flip;0.11
5.22.2025;Retail Big Box Store;Fix and Flip;0.11
5.22.2025;Retail Big Box Store;Portable Homes;0.064
5.22.2025;Retail Big Box Store;Sister Home Sellers;0.391
5.22.2025;Retail Big Box Store;Planet Hypothesis;0.224
5.22.2025;Retail Big Box Store;Planet Hypothesis;0.224
5.22.2025;Sport Utility VehiHealthy Fast Food Chainle Sales;Together Forever;0.023
5.22.2025;Sport Utility VehiHealthy Fast Food Chainle Sales;Together Forever;0.023
5.22.2025;Sport Utility VehiHealthy Fast Food Chainle Sales;Waltzing with the Famous;0.499
5.22.2025;Sport Utility VehiHealthy Fast Food Chainle Sales;Waltzing with the Famous;0.499
5.22.2025;Sport Utility VehiHealthy Fast Food Chainle Sales;Orlando Vice;0.165
5.22.2025;Sport Utility VehiHealthy Fast Food Chainle Sales;Orlando Vice;0.165
5.22.2025;Sport Utility VehiHealthy Fast Food Chainle Sales;Maui Five Ten;0.344
5.22.2025;Sport Utility VehiHealthy Fast Food Chainle Sales;Maui Five Ten;0.344
5.22.2025;Sport Utility VehiHealthy Fast Food Chainle Sales;Family Fraud;0.022
5.22.2025;Sport Utility VehiHealthy Fast Food Chainle Sales;I Love Betty;0.065
5.22.2025;Sport Utility VehiHealthy Fast Food Chainle Sales;I Love Betty;0.065
5.22.2025;Sport Utility VehiHealthy Fast Food Chainle Sales;Travel the World;0.56
5.22.2025;Sport Utility VehiHealthy Fast Food Chainle Sales;Freaky Vacations;0.184
5.22.2025;Sport Utility VehiHealthy Fast Food Chainle Sales;The Young and the Reckless;0.041
5.22.2025;Sport Utility VehiHealthy Fast Food Chainle Sales;The Young and the Reckless;0.041
5.22.2025;Sport Utility VehiHealthy Fast Food Chainle Sales;Tonight Tonight;0.135
5.22.2025;Sport Utility VehiHealthy Fast Food Chainle Sales;Tonight Tonight;0.135
5.22.2025;Sport Utility VehiHealthy Fast Food Chainle Sales;Late Hours;0.038
5.22.2025;Sport Utility VehiHealthy Fast Food Chainle Sales;Nightly News Stories;0.217
5.22.2025;Sport Utility VehiHealthy Fast Food Chainle Sales;Nightly News Stories;0.217
5.22.2025;Sport Utility VehiHealthy Fast Food Chainle Sales;Fix and Flip;0.11
5.22.2025;Sport Utility VehiHealthy Fast Food Chainle Sales;Fix and Flip;0.11
5.22.2025;Sport Utility VehiHealthy Fast Food Chainle Sales;Portable Homes;0.064
5.22.2025;Sport Utility VehiHealthy Fast Food Chainle Sales;Portable Homes;0.064
5.22.2025;Sport Utility VehiHealthy Fast Food Chainle Sales;Sister Home Sellers;0.391
5.22.2025;Sport Utility VehiHealthy Fast Food Chainle Sales;Sister Home Sellers;0.391
5.22.2025;Sport Utility VehiHealthy Fast Food Chainle Sales;Planet Hypothesis;0.224
5.22.2025;Sport Utility VehiHealthy Fast Food Chainle Sales;Planet Hypothesis;0.224
